1714521600000,32.71000000,32.84000000,32.29000000,32.42000000,113849.55000000,1714525199999,3704393.79020000,4887,56251.23000000,1830351.98900000,0
1714525200000,32.42000000,32.76000000,32.23000000,32.65000000,99875.88000000,1714528799999,3250536.31290000,4627,50126.42000000,1631556.35960000,0
1714528800000,32.64000000,32.68000000,32.22000000,32.51000000,79434.73000000,1714532399999,2577434.27510000,3729,37771.23000000,1225469.75960000,0
1714532400000,32.51000000,32.69000000,32.43000000,32.64000000,42012.68000000,1714535999999,1367266.82540000,2150,23847.62000000,776311.05370000,0
1714536000000,32.64000000,32.75000000,32.60000000,32.65000000,27675.99000000,1714539599999,904388.03520000,1841,13369.41000000,436916.44910000,0
1714539600000,32.65000000,32.77000000,32.41000000,32.46000000,40466.35000000,1714543199999,1316893.56230000,2322,20546.61000000,668513.57450000,0
1714543200000,32.47000000,32.49000000,31.97000000,32.01000000,59546.79000000,1714546799999,1917621.56180000,3573,21687.54000000,698611.88120000,0
1714546800000,32.01000000,32.04000000,30.26000000,31.27000000,468479.57000000,1714550399999,14669174.07210000,26487,209529.03000000,6560745.63360000,0
1714550400000,31.27000000,31.31000000,30.60000000,31.02000000,236351.56000000,1714553999999,7301745.56320000,13107,116031.63000000,3584385.41750000,0
1714554000000,31.01000000,31.39000000,30.96000000,31.26000000,144167.44000000,1714557599999,4500990.07060000,7346,72015.36000000,2247291.15290000,0
1714557600000,31.27000000,31.53000000,31.16000000,31.53000000,105798.41000000,1714561199999,3320840.83380000,5422,63090.10000000,1980931.90740000,0
1714561200000,31.52000000,31.92000000,31.46000000,31.91000000,70102.44000000,1714564799999,2218578.79060000,4215,38023.38000000,1203307.23920000,0
1714564800000,31.90000000,32.35000000,31.77000000,32.19000000,119722.29000000,1714568399999,3844459.97470000,7120,58342.54000000,1874255.40880000,0
1714568400000,32.19000000,32.67000000,32.06000000,32.39000000,177209.63000000,1714571999999,5737675.85540000,10132,89370.21000000,2892589.47630000,0
1714572000000,32.40000000,33.01000000,32.23000000,32.88000000,187665.77000000,1714575599999,6111169.70250000,7902,100478.72000000,3271651.68810000,0
1714575600000,32.88000000,32.90000000,32.24000000,32.48000000,107945.66000000,1714579199999,3505527.69180000,5965,46364.64000000,1505418.32180000,0
1714579200000,32.47000000,32.57000000,31.87000000,32.01000000,172854.68000000,1714582799999,5568496.00310000,8153,76602.06000000,2466314.49450000,0
1714582800000,32.00000000,32.45000000,31.80000000,32.29000000,93943.70000000,1714586399999,3014134.80780000,6589,50706.26000000,1627003.71960000,0
1714586400000,32.29000000,34.00000000,32.27000000,33.65000000,428981.70000000,1714589999999,14233519.39360000,24804,236598.70000000,7852247.82270000,0
1714590000000,33.65000000,33.81000000,32.18000000,32.42000000,272676.92000000,1714593599999,8948722.61390000,16903,119496.80000000,3920845.43720000,0
1714593600000,32.43000000,32.89000000,32.16000000,32.69000000,117643.21000000,1714597199999,3828055.76590000,7036,57611.67000000,1874744.06050000,0
1714597200000,32.69000000,33.18000000,32.65000000,33.05000000,68934.86000000,1714600799999,2269544.68910000,4113,38399.95000000,1264488.56810000,0
1714600800000,33.05000000,33.18000000,32.98000000,33.05000000,72974.58000000,1714604399999,2414873.05280000,3670,34395.53000000,1138366.65500000,0
1714604400000,33.04000000,33.42000000,32.98000000,33.33000000,72203.50000000,1714607999999,2399036.59090000,3915,41142.24000000,1367412.06040000,0
1714608000000,33.33000000,33.74000000,32.97000000,33.02000000,125654.73000000,1714611599999,4190869.00650000,6959,62524.13000000,2086290.25200000,0
1714611600000,33.01000000,33.11000000,32.36000000,32.76000000,91475.48000000,1714615199999,2995554.33630000,6315,44353.02000000,1452255.24140000,0
1714615200000,32.77000000,32.87000000,32.64000000,32.73000000,48765.91000000,1714618799999,1597149.92950000,2847,21392.06000000,700891.64260000,0
1714618800000,32.74000000,32.97000000,32.72000000,32.78000000,30092.27000000,1714622399999,989126.57600000,1873,13227.18000000,434842.40780000,0
1714622400000,32.78000000,32.97000000,32.62000000,32.69000000,62487.38000000,1714625999999,2053106.60390000,2870,28243.29000000,928232.80620000,0
1714626000000,32.70000000,32.73000000,32.30000000,32.64000000,37690.82000000,1714629599999,1226320.73660000,2540,20010.65000000,651081.27390000,0
1714629600000,32.64000000,32.79000000,32.54000000,32.56000000,34884.86000000,1714633199999,1139492.55770000,2606,17755.13000000,580113.25580000,0
1714633200000,32.56000000,32.94000000,32.56000000,32.67000000,53302.00000000,1714636799999,1747748.78470000,3010,30054.81000000,985348.91840000,0
1714636800000,32.66000000,32.98000000,32.60000000,32.87000000,56176.64000000,1714640399999,1843643.94090000,3225,31751.44000000,1042343.22770000,0
1714640400000,32.88000000,32.99000000,32.72000000,32.90000000,40313.45000000,1714643999999,1325507.89970000,2440,23888.10000000,785688.04000000,0
1714644000000,32.90000000,33.06000000,32.68000000,33.02000000,59813.02000000,1714647599999,1967323.57100000,3343,32286.13000000,1062331.79930000,0
1714647600000,33.01000000,33.80000000,32.97000000,33.77000000,175354.92000000,1714651199999,5860457.23620000,8685,92707.74000000,3096836.39290000,0
1714651200000,33.77000000,34.06000000,33.60000000,33.67000000,117210.88000000,1714654799999,3964623.79510000,6592,60150.70000000,2035744.94170000,0
1714654800000,33.67000000,33.84000000,33.22000000,33.32000000,88977.93000000,1714658399999,2980416.84590000,4965,36608.56000000,1226849.16410000,0
1714658400000,33.31000000,33.93000000,33.16000000,33.86000000,114819.53000000,1714661999999,3856453.07700000,6957,68583.23000000,2304743.09820000,0
1714662000000,33.86000000,34.13000000,33.78000000,33.81000000,102440.42000000,1714665599999,3476942.68780000,6242,51010.83000000,1732162.47520000,0
1714665600000,33.81000000,33.85000000,33.52000000,33.58000000,105332.44000000,1714669199999,3545917.05820000,5642,51599.13000000,1737400.54670000,0
1714669200000,33.59000000,33.84000000,33.53000000,33.80000000,49083.29000000,1714672799999,1653802.12430000,2764,25060.52000000,844421.65900000,0
1714672800000,33.79000000,33.97000000,33.61000000,33.73000000,76361.67000000,1714676399999,2579986.65580000,4349,36255.67000000,1225226.59830000,0
1714676400000,33.73000000,33.77000000,33.57000000,33.77000000,41241.84000000,1714679999999,1388114.00730000,2784,21084.08000000,709804.22500000,0
1714680000000,33.77000000,33.84000000,33.32000000,33.48000000,65182.60000000,1714683599999,2187898.03560000,3678,26904.91000000,902924.17350000,0
1714683600000,33.48000000,33.86000000,33.46000000,33.67000000,39892.16000000,1714687199999,1342621.16830000,2385,21078.75000000,709399.62080000,0
1714687200000,33.67000000,33.97000000,33.66000000,33.80000000,54522.34000000,1714690799999,1844771.95940000,2975,27799.92000000,940696.90460000,0
1714690800000,33.80000000,33.84000000,33.58000000,33.58000000,32359.63000000,1714694399999,1091057.45140000,1785,14153.97000000,477454.58050000,0
1714694400000,33.57000000,33.75000000,33.43000000,33.66000000,36455.07000000,1714697999999,1225113.80910000,2383,19979.96000000,671424.88800000,0
1714698000000,33.66000000,34.24000000,33.64000000,33.96000000,52789.48000000,1714701599999,1796036.14330000,3772,28954.69000000,984942.07570000,0
1714701600000,33.96000000,34.30000000,33.91000000,34.05000000,49871.90000000,1714705199999,1700891.74910000,3733,26564.79000000,905872.54370000,0
1714705200000,34.05000000,34.36000000,34.05000000,34.15000000,52841.77000000,1714708799999,1809594.25970000,3159,30109.48000000,1031310.50060000,0
1714708800000,34.16000000,34.20000000,33.89000000,33.97000000,30294.30000000,1714712399999,1031471.00890000,1931,13824.78000000,470678.86820000,0
1714712400000,33.97000000,34.14000000,33.84000000,33.95000000,44338.38000000,1714715999999,1505175.26690000,2190,15797.95000000,536635.91490000,0
1714716000000,33.94000000,33.99000000,33.69000000,33.73000000,37304.36000000,1714719599999,1262133.89010000,2084,14686.29000000,497198.27220000,0
1714719600000,33.73000000,33.86000000,33.50000000,33.55000000,41766.84000000,1714723199999,1406694.74290000,2592,16145.14000000,544065.97840000,0
1714723200000,33.55000000,33.77000000,33.54000000,33.62000000,28393.48000000,1714726799999,955480.18370000,1861,16131.33000000,542914.85440000,0
1714726800000,33.62000000,33.90000000,33.60000000,33.81000000,36083.09000000,1714730399999,1217946.61610000,1874,19117.92000000,644937.51320000,0
1714730400000,33.82000000,33.82000000,33.30000000,33.51000000,41173.06000000,1714733999999,1379914.44160000,2713,17457.84000000,584892.04070000,0
1714734000000,33.51000000,33.63000000,33.38000000,33.56000000,47417.68000000,1714737599999,1587977.20810000,2600,19753.81000000,661501.42160000,0
1714737600000,33.56000000,34.73000000,33.52000000,34.65000000,187218.60000000,1714741199999,6413490.76720000,12747,106126.13000000,3635960.17510000,0
1714741200000,34.65000000,34.92000000,34.48000000,34.82000000,176305.95000000,1714744799999,6121693.93990000,9808,89911.70000000,3122622.01920000,0
1714744800000,34.83000000,34.98000000,34.57000000,34.78000000,104156.73000000,1714748399999,3623824.26950000,5640,53147.22000000,1850613.75190000,0
1714748400000,34.78000000,35.18000000,34.73000000,35.08000000,65741.02000000,1714751999999,2296877.65240000,4064,37001.63000000,1292700.50490000,0
1714752000000,35.08000000,35.41000000,35.06000000,35.23000000,85278.56000000,1714755599999,3004335.95250000,4526,39644.66000000,1396739.44030000,0
1714755600000,35.22000000,35.46000000,35.15000000,35.33000000,44990.55000000,1714759199999,1590339.55070000,2461,20363.81000000,719759.97340000,0
1714759200000,35.33000000,35.45000000,35.22000000,35.23000000,37555.66000000,1714762799999,1325848.78580000,2004,12721.64000000,449349.85150000,0
1714762800000,35.22000000,35.29000000,35.05000000,35.28000000,39924.10000000,1714766399999,1404024.80720000,2277,19566.73000000,688186.56200000,0
1714766400000,35.27000000,35.88000000,35.22000000,35.62000000,107931.08000000,1714769999999,3843573.28540000,6120,57417.25000000,2044577.53130000,0
1714770000000,35.62000000,35.73000000,35.47000000,35.57000000,51242.73000000,1714773599999,1823306.56180000,3062,23918.42000000,851056.86330000,0
1714773600000,35.57000000,35.62000000,35.50000000,35.54000000,28084.34000000,1714777199999,998370.17250000,1723,12702.71000000,451591.74720000,0
1714777200000,35.54000000,36.13000000,35.53000000,35.54000000,126185.24000000,1714780799999,4513418.62810000,6135,83042.74000000,2970994.86820000,0
1714780800000,35.55000000,35.79000000,35.51000000,35.67000000,52661.79000000,1714784399999,1876693.88370000,3109,23665.22000000,843308.45720000,0
1714784400000,35.67000000,35.72000000,35.42000000,35.43000000,46180.01000000,1714787999999,1643301.66410000,2719,20771.64000000,739295.95440000,0
1714788000000,35.42000000,35.44000000,35.18000000,35.41000000,40504.25000000,1714791599999,1431201.24580000,2950,18340.79000000,648099.88260000,0
1714791600000,35.41000000,35.56000000,35.39000000,35.53000000,22119.42000000,1714795199999,784609.97790000,1521,11632.32000000,412655.70780000,0
1714795200000,35.52000000,35.82000000,35.51000000,35.71000000,57225.97000000,1714798799999,2041016.91080000,2967,32140.43000000,1146466.66470000,0
1714798800000,35.71000000,35.75000000,35.46000000,35.73000000,48002.64000000,1714802399999,1710214.92270000,2372,27823.23000000,991381.92680000,0
1714802400000,35.73000000,35.73000000,35.47000000,35.50000000,37887.05000000,1714805999999,1347869.12710000,1977,15051.10000000,535510.45360000,0
1714806000000,35.50000000,35.59000000,35.40000000,35.42000000,26056.06000000,1714809599999,924667.11060000,1830,11652.84000000,413578.35230000,0
1714809600000,35.41000000,35.67000000,35.39000000,35.63000000,30405.59000000,1714813199999,1079853.60960000,2553,18104.09000000,643075.14480000,0
1714813200000,35.63000000,35.73000000,35.25000000,35.47000000,101262.43000000,1714816799999,3588918.83890000,5108,28153.63000000,998675.39410000,0
1714816800000,35.47000000,36.31000000,35.38000000,36.28000000,111033.41000000,1714820399999,3983327.90320000,6850,68332.23000000,2452867.91980000,0
1714820400000,36.28000000,36.50000000,35.69000000,35.81000000,196472.57000000,1714823999999,7086069.43990000,10717,115503.62000000,4166635.34380000,0
1714824000000,35.81000000,36.11000000,35.76000000,36.07000000,89812.08000000,1714827599999,3231390.65400000,4537,44350.78000000,1595657.86650000,0
1714827600000,36.07000000,36.25000000,35.61000000,36.11000000,99210.51000000,1714831199999,3564303.42150000,5988,50148.04000000,1801804.15940000,0
1714831200000,36.10000000,36.27000000,35.90000000,36.15000000,48703.31000000,1714834799999,1757011.43530000,3488,24726.53000000,892274.43160000,0
1714834800000,36.15000000,36.25000000,35.99000000,36.22000000,43115.16000000,1714838399999,1557539.65100000,2961,19520.94000000,705259.90510000,0
1714838400000,36.22000000,36.62000000,36.05000000,36.59000000,91212.12000000,1714841999999,3313529.02510000,5637,54716.60000000,1989149.55340000,0
1714842000000,36.58000000,36.90000000,36.07000000,36.55000000,266780.13000000,1714845599999,9734475.32360000,13698,130816.79000000,4782616.11390000,0
1714845600000,36.54000000,37.50000000,36.47000000,37.24000000,129896.87000000,1714849199999,4812529.95370000,10054,77586.59000000,2872842.81180000,0
1714849200000,37.24000000,37.40000000,36.96000000,37.33000000,69362.76000000,1714852799999,2578650.02190000,5471,30454.29000000,1132150.16900000,0
1714852800000,37.33000000,37.68000000,37.30000000,37.36000000,99151.65000000,1714856399999,3714876.34560000,6546,48258.67000000,1808411.56510000,0
1714856400000,37.37000000,37.62000000,36.90000000,37.15000000,111845.21000000,1714859999999,4171120.77780000,7134,46744.97000000,1743746.56770000,0
1714860000000,37.16000000,37.20000000,36.88000000,37.11000000,67616.17000000,1714863599999,2504619.68430000,4237,36940.23000000,1368501.86580000,0
1714863600000,37.12000000,37.40000000,37.12000000,37.36000000,34387.68000000,1714867199999,1281421.29530000,2552,18137.86000000,675860.97590000,0
1714867200000,37.36000000,37.77000000,37.21000000,37.52000000,134404.53000000,1714870799999,5037978.98140000,8233,58451.80000000,2191190.70990000,0
1714870800000,37.52000000,37.63000000,36.81000000,37.42000000,144742.06000000,1714874399999,5377791.11980000,9790,67884.90000000,2522156.79870000,0
1714874400000,37.42000000,37.62000000,37.33000000,37.40000000,63461.50000000,1714877999999,2377405.89270000,4312,32076.77000000,1201749.00880000,0
1714878000000,37.40000000,38.01000000,37.40000000,37.57000000,174196.84000000,1714881599999,6566579.78340000,10940,92717.44000000,3496646.84150000,0
1714881600000,37.57000000,37.64000000,37.11000000,37.14000000,61440.15000000,1714885199999,2293867.43590000,4592,22971.18000000,856962.24710000,0
1714885200000,37.15000000,37.32000000,36.96000000,37.01000000,56408.95000000,1714888799999,2094820.90750000,4196,25031.25000000,929881.44350000,0
1714888800000,37.00000000,37.25000000,36.97000000,36.98000000,55287.17000000,1714892399999,2050235.39250000,4280,24371.44000000,903869.33700000,0
1714892400000,36.98000000,37.14000000,36.77000000,36.97000000,95262.29000000,1714895999999,3518895.33350000,7189,39312.05000000,1452922.34320000,0
1714896000000,36.97000000,37.22000000,36.86000000,36.97000000,63509.25000000,1714899599999,2350726.76170000,4222,33647.15000000,1245574.58000000,0
1714899600000,36.97000000,37.20000000,36.83000000,37.19000000,36721.60000000,1714903199999,1357998.53110000,3300,21410.75000000,791846.31270000,0
1714903200000,37.19000000,37.25000000,36.60000000,36.85000000,109819.19000000,1714906799999,4049145.85530000,6315,33725.85000000,1243892.52470000,0
1714906800000,36.85000000,37.02000000,36.68000000,37.02000000,65911.62000000,1714910399999,2429691.09810000,4025,32311.08000000,1191130.00750000,0
1714910400000,37.01000000,37.23000000,36.72000000,36.75000000,107357.74000000,1714913999999,3970018.62690000,5394,47518.02000000,1758552.97290000,0
1714914000000,36.76000000,37.54000000,36.67000000,37.34000000,145782.22000000,1714917599999,5418067.82630000,7707,97025.24000000,3608930.23090000,0
1714917600000,37.34000000,37.34000000,37.06000000,37.23000000,52685.62000000,1714921199999,1959606.75100000,3888,23285.91000000,865977.57550000,0
1714921200000,37.23000000,37.50000000,37.11000000,37.41000000,63166.61000000,1714924799999,2355213.74330000,5081,32309.77000000,1205139.16720000,0
1714924800000,37.42000000,37.67000000,37.34000000,37.48000000,55651.71000000,1714928399999,2087301.31860000,4678,27232.18000000,1021375.61060000,0
1714928400000,37.48000000,37.68000000,37.30000000,37.32000000,42323.34000000,1714931999999,1586912.35400000,3403,18190.00000000,682272.49550000,0
1714932000000,37.33000000,37.33000000,37.08000000,37.19000000,43113.49000000,1714935599999,1604047.19240000,3375,18707.42000000,696027.21640000,0
1714935600000,37.20000000,37.26000000,37.09000000,37.23000000,50308.91000000,1714939199999,1870376.73790000,2553,23457.08000000,871846.06270000,0
1714939200000,37.23000000,37.26000000,37.09000000,37.17000000,37589.84000000,1714942799999,1397576.11320000,2706,11970.42000000,445106.42640000,0
1714942800000,37.18000000,37.39000000,36.98000000,37.38000000,41578.39000000,1714946399999,1546032.86930000,2893,19324.48000000,719085.94090000,0
1714946400000,37.38000000,37.42000000,37.22000000,37.39000000,29524.15000000,1714949999999,1101691.37390000,1894,17883.74000000,667239.52560000,0
1714950000000,37.40000000,37.50000000,37.34000000,37.35000000,30339.74000000,1714953599999,1135455.85800000,2536,13922.71000000,521134.87540000,0
1714953600000,37.35000000,37.49000000,37.14000000,37.48000000,46084.66000000,1714957199999,1719924.84360000,2782,22167.82000000,827549.56990000,0
1714957200000,37.49000000,37.65000000,37.24000000,37.26000000,48402.62000000,1714960799999,1813102.15670000,3055,17496.01000000,655802.70960000,0
1714960800000,37.27000000,37.62000000,37.20000000,37.21000000,43155.37000000,1714964399999,1614164.51650000,2636,22246.05000000,832149.69900000,0
1714964400000,37.20000000,37.28000000,36.99000000,37.22000000,52543.72000000,1714967999999,1952290.12370000,3247,24712.93000000,918421.53090000,0
1714968000000,37.22000000,37.75000000,37.06000000,37.52000000,62322.25000000,1714971599999,2334509.46230000,5261,27847.63000000,1043118.20000000,0
1714971600000,37.52000000,37.97000000,37.41000000,37.71000000,110880.22000000,1714975199999,4180644.69090000,6623,60347.37000000,2275930.20690000,0
1714975200000,37.71000000,37.96000000,37.69000000,37.93000000,73960.25000000,1714978799999,2799624.61490000,4336,40442.12000000,1531001.35690000,0
1714978800000,37.93000000,38.35000000,37.83000000,38.26000000,74842.40000000,1714982399999,2849716.03970000,6115,38868.74000000,1480411.16170000,0
1714982400000,38.26000000,39.87000000,38.24000000,39.39000000,407692.32000000,1714985999999,16010580.26300000,26628,206202.26000000,8096680.27260000,0
1714986000000,39.39000000,39.60000000,39.20000000,39.50000000,199993.22000000,1714989599999,7881688.23430000,12339,97377.86000000,3838039.25320000,0
1714989600000,39.50000000,39.87000000,38.35000000,38.52000000,273035.07000000,1714993199999,10638884.58730000,18209,123316.22000000,4803556.55280000,0
1714993200000,38.51000000,38.88000000,38.45000000,38.56000000,93911.99000000,1714996799999,3633594.61420000,5548,53318.19000000,2063017.40580000,0
1714996800000,38.57000000,38.67000000,37.26000000,37.62000000,314118.34000000,1715000399999,11919999.26750000,18945,114853.55000000,4354561.92530000,0
1715000400000,37.62000000,38.10000000,37.47000000,37.96000000,131736.31000000,1715003999999,4982745.29510000,8989,72791.88000000,2753446.30960000,0
1715004000000,37.96000000,38.21000000,37.19000000,37.28000000,169568.68000000,1715007599999,6406467.00980000,9160,80195.23000000,3033941.77350000,0
1715007600000,37.28000000,38.04000000,37.09000000,37.79000000,148410.37000000,1715011199999,5565412.41750000,9553,78887.89000000,2958520.33180000,0
1715011200000,37.79000000,38.09000000,37.25000000,37.35000000,191785.10000000,1715014799999,7232640.62460000,10121,86579.73000000,3269249.50530000,0
1715014800000,37.34000000,37.63000000,36.89000000,37.13000000,127478.74000000,1715018399999,4745272.09630000,7293,59824.64000000,2227338.34550000,0
1715018400000,37.13000000,37.36000000,37.02000000,37.23000000,74814.44000000,1715021999999,2784129.48950000,4198,37743.78000000,1405088.95720000,0
1715022000000,37.24000000,37.24000000,36.78000000,37.20000000,110205.99000000,1715025599999,4078384.01550000,6907,56142.58000000,2077966.75390000,0
1715025600000,37.20000000,37.76000000,37.14000000,37.59000000,77778.03000000,1715029199999,2916645.91060000,5317,42881.17000000,1607969.16240000,0
1715029200000,37.59000000,37.73000000,37.48000000,37.65000000,32930.15000000,1715032799999,1238586.20280000,2337,18241.09000000,686302.41300000,0
1715032800000,37.65000000,37.65000000,37.35000000,37.42000000,36070.98000000,1715036399999,1351314.21730000,2377,17007.64000000,637144.95320000,0
1715036400000,37.41000000,37.42000000,37.11000000,37.11000000,31790.34000000,1715039999999,1183712.81730000,2135,12944.96000000,482120.62070000,0
1715040000000,37.12000000,37.23000000,36.78000000,37.08000000,64450.24000000,1715043599999,2387945.14930000,4204,27966.78000000,1036449.74750000,0
1715043600000,37.08000000,37.48000000,37.03000000,37.42000000,53516.80000000,1715047199999,1993257.21830000,3506,29795.44000000,1110322.13300000,0
1715047200000,37.43000000,37.60000000,37.34000000,37.39000000,47390.62000000,1715050799999,1775160.97750000,2867,21592.54000000,809103.92910000,0
1715050800000,37.38000000,37.46000000,36.35000000,36.80000000,136032.61000000,1715054399999,4999799.41830000,9416,59798.25000000,2197906.40770000,0
1715054400000,36.81000000,37.10000000,36.77000000,36.99000000,47525.85000000,1715057999999,1756568.89230000,3470,25146.73000000,929587.15760000,0
1715058000000,37.00000000,37.01000000,36.64000000,36.84000000,46495.21000000,1715061599999,1713720.62080000,2715,19478.82000000,718403.60100000,0
1715061600000,36.84000000,36.93000000,36.50000000,36.65000000,44283.73000000,1715065199999,1624295.40790000,2583,20890.89000000,766676.19380000,0
1715065200000,36.64000000,36.94000000,36.55000000,36.61000000,135849.26000000,1715068799999,4989193.29110000,6394,71385.33000000,2624126.01070000,0
1715068800000,36.60000000,37.42000000,36.49000000,37.35000000,146472.47000000,1715072399999,5419535.05600000,7486,78858.08000000,2918196.34070000,0
1715072400000,37.35000000,37.49000000,37.12000000,37.20000000,62973.42000000,1715075999999,2350383.14550000,3509,30074.29000000,1122720.89960000,0
1715076000000,37.19000000,37.22000000,36.84000000,37.00000000,63155.03000000,1715079599999,2336017.97240000,3735,25806.17000000,954477.90480000,0
1715079600000,37.00000000,37.08000000,36.43000000,36.44000000,74604.03000000,1715083199999,2741800.15000000,4861,27424.58000000,1008513.61890000,0
1715083200000,36.44000000,36.76000000,36.44000000,36.68000000,63215.50000000,1715086799999,2311115.99700000,3434,34673.59000000,1267991.34980000,0
1715086800000,36.68000000,36.85000000,36.29000000,36.40000000,94313.16000000,1715090399999,3447259.05080000,4887,50199.38000000,1835839.99980000,0
1715090400000,36.40000000,37.13000000,36.32000000,37.11000000,86620.97000000,1715093999999,3175810.26240000,5173,48418.33000000,1776529.98580000,0
1715094000000,37.10000000,37.32000000,36.73000000,36.91000000,137646.53000000,1715097599999,5094295.47650000,7626,69862.83000000,2585688.79640000,0
1715097600000,36.90000000,37.08000000,36.79000000,36.97000000,44064.06000000,1715101199999,1627310.32730000,2777,20973.14000000,774581.36980000,0
1715101200000,36.98000000,36.98000000,36.68000000,36.74000000,32002.25000000,1715104799999,1178599.64170000,2089,12050.41000000,443776.24910000,0
1715104800000,36.74000000,36.75000000,36.06000000,36.38000000,163098.13000000,1715108399999,5931319.70730000,7853,82615.08000000,3006095.28280000,0
1715108400000,36.37000000,36.43000000,36.11000000,36.18000000,41041.26000000,1715111999999,1488075.84300000,2681,17684.10000000,641171.00510000,0
1715112000000,36.17000000,36.36000000,36.08000000,36.09000000,44954.18000000,1715115599999,1627343.59110000,2610,20256.22000000,733691.80700000,0
1715115600000,36.09000000,36.26000000,35.70000000,35.97000000,76009.04000000,1715119199999,2736238.14880000,5380,26664.04000000,959841.63740000,0
1715119200000,35.96000000,35.96000000,35.55000000,35.63000000,66431.73000000,1715122799999,2374781.37580000,4884,26191.82000000,936744.40060000,0
1715122800000,35.64000000,35.65000000,35.27000000,35.31000000,80271.28000000,1715126399999,2842115.50130000,6179,36676.91000000,1298698.27210000,0
1715126400000,35.31000000,35.43000000,34.92000000,35.31000000,95600.34000000,1715129999999,3365424.28750000,6663,40161.42000000,1414537.88750000,0
1715130000000,35.30000000,35.46000000,35.13000000,35.15000000,37137.01000000,1715133599999,1309937.11570000,2570,16408.41000000,578965.64320000,0
1715133600000,35.16000000,35.50000000,35.14000000,35.42000000,31223.75000000,1715137199999,1102885.56240000,2402,18034.94000000,637067.37920000,0
1715137200000,35.43000000,35.49000000,35.24000000,35.30000000,51600.60000000,1715140799999,1825223.04770000,2507,21163.61000000,748846.97680000,0
1715140800000,35.30000000,35.41000000,34.79000000,34.83000000,104465.41000000,1715144399999,3655662.73230000,5622,39583.84000000,1386555.22630000,0
1715144400000,34.82000000,34.95000000,34.67000000,34.77000000,98809.70000000,1715147999999,3436313.36670000,6416,42174.82000000,1467000.48740000,0
1715148000000,34.76000000,34.96000000,34.46000000,34.76000000,90312.18000000,1715151599999,3132865.15700000,5976,46746.98000000,1622671.99880000,0
1715151600000,34.76000000,34.88000000,34.46000000,34.55000000,56211.06000000,1715155199999,1946784.33330000,3217,25778.92000000,892933.40610000,0
1715155200000,34.55000000,34.68000000,34.30000000,34.62000000,89862.21000000,1715158799999,3098887.28970000,5085,44000.46000000,1517804.78930000,0
1715158800000,34.62000000,34.64000000,34.32000000,34.59000000,80712.41000000,1715162399999,2782548.87840000,3837,43252.05000000,1490670.32110000,0
1715162400000,34.59000000,34.75000000,34.49000000,34.70000000,53874.69000000,1715165999999,1865304.01050000,2772,29339.90000000,1016064.31110000,0
1715166000000,34.69000000,34.73000000,34.31000000,34.41000000,49332.76000000,1715169599999,1701508.79060000,3097,23318.67000000,804145.10020000,0
1715169600000,34.41000000,34.58000000,34.09000000,34.35000000,87220.99000000,1715173199999,2991798.51170000,5012,37866.55000000,1298706.92490000,0
1715173200000,34.34000000,34.77000000,34.21000000,34.70000000,108324.06000000,1715176799999,3731277.81830000,6575,58322.08000000,2009432.71350000,0
1715176800000,34.70000000,35.00000000,34.44000000,34.78000000,120196.20000000,1715180399999,4177417.29130000,6875,69652.58000000,2421096.74990000,0
1715180400000,34.78000000,34.87000000,34.18000000,34.48000000,123949.31000000,1715183999999,4271824.65620000,7303,60482.11000000,2084314.54100000,0
1715184000000,34.49000000,34.57000000,34.23000000,34.57000000,66948.17000000,1715187599999,2305148.45820000,3760,32869.84000000,1132046.72300000,0
1715187600000,34.56000000,35.10000000,34.51000000,34.73000000,143393.63000000,1715191199999,4994228.35810000,7968,92143.82000000,3210002.17840000,0
1715191200000,34.74000000,35.01000000,34.65000000,34.67000000,45604.28000000,1715194799999,1587729.80010000,3237,21304.41000000,742245.10070000,0
1715194800000,34.67000000,34.92000000,34.26000000,34.41000000,208928.56000000,1715198399999,7226165.56700000,10368,106284.49000000,3680351.63350000,0
1715198400000,34.40000000,34.53000000,33.62000000,33.79000000,218909.64000000,1715201999999,7424292.34930000,13372,72162.31000000,2450121.31560000,0
1715202000000,33.78000000,34.06000000,33.64000000,33.94000000,60446.77000000,1715205599999,2044251.81720000,3850,31419.18000000,1062743.33660000,0
1715205600000,33.93000000,34.02000000,33.70000000,33.87000000,70174.40000000,1715209199999,2373838.19650000,4458,30132.48000000,1019720.76350000,0
1715209200000,33.86000000,34.14000000,33.79000000,34.02000000,64452.88000000,1715212799999,2187049.10450000,3623,33487.65000000,1136648.69350000,0
1715212800000,34.02000000,34.27000000,33.97000000,34.24000000,25408.58000000,1715216399999,866835.39210000,2244,12122.86000000,413687.12770000,0
1715216400000,34.24000000,34.43000000,34.21000000,34.36000000,32963.75000000,1715219999999,1131526.01240000,2279,14194.46000000,487360.41440000,0
1715220000000,34.37000000,34.44000000,34.17000000,34.34000000,26534.30000000,1715223599999,910291.77780000,1857,12479.93000000,428189.36460000,0
1715223600000,34.35000000,34.41000000,34.13000000,34.31000000,30609.60000000,1715227199999,1048901.65440000,1755,15847.91000000,543078.62800000,0
1715227200000,34.33000000,34.67000000,34.12000000,34.26000000,216979.52000000,1715230799999,7453411.61770000,11365,127932.51000000,4397785.80770000,0
1715230800000,34.27000000,34.48000000,34.25000000,34.41000000,31664.40000000,1715234399999,1088405.68940000,1732,17127.57000000,588763.24670000,0
1715234400000,34.40000000,34.65000000,34.40000000,34.54000000,66637.04000000,1715237999999,2301943.74410000,4099,35043.44000000,1210396.39930000,0
1715238000000,34.54000000,34.57000000,34.20000000,34.27000000,55739.00000000,1715241599999,1915431.85150000,3708,23735.50000000,815614.98410000,0
1715241600000,34.26000000,34.38000000,34.16000000,34.28000000,37845.18000000,1715245199999,1297870.78440000,2360,15377.88000000,527485.60980000,0
1715245200000,34.28000000,34.34000000,33.88000000,34.13000000,67565.74000000,1715248799999,2303519.56860000,4514,32943.48000000,1123327.19680000,0
1715248800000,34.14000000,34.16000000,33.74000000,33.76000000,60145.31000000,1715252399999,2040943.65260000,3831,27373.09000000,928777.60910000,0
1715252400000,33.76000000,34.15000000,33.73000000,34.06000000,102987.76000000,1715255999999,3496198.27860000,5751,44963.08000000,1526549.07820000,0
1715256000000,34.07000000,34.43000000,34.04000000,34.24000000,47971.52000000,1715259599999,1641944.42660000,3357,26545.35000000,908711.59620000,0
1715259600000,34.25000000,34.26000000,33.74000000,33.94000000,61828.10000000,1715263199999,2103364.95540000,4014,26535.10000000,902481.64220000,0
1715263200000,33.95000000,34.17000000,33.87000000,34.13000000,64192.42000000,1715266799999,2185008.92910000,4237,35586.48000000,1211464.04280000,0
1715266800000,34.13000000,34.56000000,34.03000000,34.35000000,115010.58000000,1715270399999,3952416.09220000,6539,62389.15000000,2144177.73180000,0
1715270400000,34.35000000,34.65000000,34.14000000,34.17000000,102385.95000000,1715273999999,3529362.44280000,6570,49001.44000000,1690725.92250000,0
1715274000000,34.16000000,34.39000000,34.06000000,34.28000000,58628.96000000,1715277599999,2008162.08720000,4306,31822.90000000,1090102.22150000,0
1715277600000,34.27000000,34.46000000,34.23000000,34.45000000,33466.43000000,1715281199999,1150462.09600000,2194,18139.78000000,623757.36960000,0
1715281200000,34.46000000,34.71000000,34.37000000,34.68000000,50525.23000000,1715284799999,1744628.92530000,3014,29268.91000000,1011011.81520000,0
1715284800000,34.68000000,34.73000000,34.44000000,34.53000000,63084.94000000,1715288399999,2180041.97300000,3380,26708.33000000,923380.75250000,0
1715288400000,34.54000000,34.75000000,34.49000000,34.62000000,51314.17000000,1715291999999,1776965.90760000,2652,28766.65000000,996409.58500000,0
1715292000000,34.62000000,35.38000000,34.58000000,35.27000000,112879.30000000,1715295599999,3952665.47530000,6869,59088.40000000,2067876.06340000,0
1715295600000,35.28000000,35.31000000,34.85000000,35.07000000,59662.61000000,1715299199999,2090409.73490000,3635,26075.05000000,913462.90240000,0
1715299200000,35.07000000,35.20000000,34.89000000,35.03000000,39804.02000000,1715302799999,1394477.81170000,2885,18729.87000000,656235.56020000,0
1715302800000,35.04000000,35.42000000,34.92000000,35.38000000,75240.02000000,1715306399999,2647887.62330000,3898,33359.08000000,1174556.46770000,0
1715306400000,35.37000000,35.59000000,35.29000000,35.55000000,55522.46000000,1715309999999,1969108.25430000,5181,26667.90000000,945954.87200000,0
1715310000000,35.54000000,35.62000000,35.41000000,35.55000000,42204.06000000,1715313599999,1497377.46640000,2342,21065.60000000,747468.84850000,0
1715313600000,35.55000000,35.77000000,35.53000000,35.76000000,47374.81000000,1715317199999,1688492.62030000,3094,28571.65000000,1018506.64060000,0
1715317200000,35.77000000,35.85000000,35.45000000,35.49000000,44364.93000000,1715320799999,1579699.08280000,2707,17561.96000000,625235.80570000,0
1715320800000,35.48000000,35.87000000,35.48000000,35.79000000,39965.08000000,1715324399999,1425804.10160000,2421,20077.05000000,716336.23340000,0
1715324400000,35.79000000,36.12000000,35.69000000,36.03000000,129918.71000000,1715327999999,4669169.91220000,6210,74478.95000000,2676830.84700000,0
1715328000000,36.03000000,36.09000000,35.74000000,35.88000000,53814.77000000,1715331599999,1930578.81890000,3249,20512.67000000,735591.78210000,0
1715331600000,35.88000000,35.88000000,35.64000000,35.71000000,43959.48000000,1715335199999,1571453.70610000,2426,19919.68000000,712133.63220000,0
1715335200000,35.72000000,35.75000000,35.56000000,35.61000000,46368.04000000,1715338799999,1653379.44010000,2674,23065.88000000,822729.18820000,0
1715338800000,35.61000000,35.81000000,35.43000000,35.80000000,57533.24000000,1715342399999,2047602.92870000,3355,30304.33000000,1078803.14820000,0
1715342400000,35.81000000,35.89000000,35.58000000,35.66000000,51970.40000000,1715345999999,1857666.74450000,2965,23606.50000000,844078.72950000,0
1715346000000,35.65000000,35.85000000,35.46000000,35.70000000,74838.45000000,1715349599999,2666933.11720000,3956,38252.35000000,1363491.79520000,0
1715349600000,35.70000000,35.77000000,34.05000000,34.35000000,367228.23000000,1715353199999,12763669.64140000,19819,159657.59000000,5545147.34260000,0
1715353200000,34.35000000,34.72000000,34.14000000,34.62000000,251367.95000000,1715356799999,8657681.17330000,14520,119037.72000000,4099493.30780000,0
1715356800000,34.61000000,34.74000000,34.06000000,34.56000000,165259.70000000,1715360399999,5685562.85540000,9646,79699.30000000,2741617.60310000,0
1715360400000,34.55000000,34.62000000,33.90000000,34.15000000,191909.51000000,1715363999999,6563385.42210000,10457,84922.27000000,2905228.11250000,0
1715364000000,34.14000000,34.33000000,33.94000000,34.30000000,99081.31000000,1715367599999,3380210.86850000,4721,51618.78000000,1761484.99410000,0
1715367600000,34.29000000,34.32000000,33.87000000,33.92000000,75110.14000000,1715371199999,2557862.95310000,3556,34604.19000000,1178950.74520000,0
1715371200000,33.92000000,34.18000000,33.73000000,33.87000000,95537.13000000,1715374799999,3238103.50660000,4739,44133.88000000,1496398.42060000,0
1715374800000,33.86000000,33.96000000,33.69000000,33.79000000,58177.23000000,1715378399999,1967228.92670000,3208,32204.62000000,1088968.25110000,0
1715378400000,33.78000000,33.81000000,33.26000000,33.28000000,96426.98000000,1715381999999,3228158.97620000,5707,46155.00000000,1545696.75370000,0
1715382000000,33.28000000,33.76000000,33.23000000,33.71000000,58945.94000000,1715385599999,1976170.43940000,3423,34100.56000000,1142551.11270000,0
1715385600000,33.71000000,33.92000000,33.61000000,33.79000000,46996.45000000,1715389199999,1586756.25310000,3210,23574.49000000,795901.95330000,0
1715389200000,33.80000000,34.04000000,33.62000000,33.71000000,116284.28000000,1715392799999,3936481.24700000,5571,51293.01000000,1736026.23230000,0
1715392800000,33.71000000,33.76000000,33.42000000,33.66000000,72742.17000000,1715396399999,2441236.18950000,3594,34359.47000000,1152820.17450000,0
1715396400000,33.67000000,33.69000000,33.46000000,33.53000000,45515.20000000,1715399999999,1528477.44620000,2069,19973.92000000,671026.78660000,0
1715400000000,33.53000000,33.56000000,33.23000000,33.46000000,74761.59000000,1715403599999,2498972.55610000,4391,39201.22000000,1310531.38700000,0
1715403600000,33.45000000,33.74000000,33.44000000,33.61000000,55918.41000000,1715407199999,1880225.35940000,2223,25864.29000000,869522.16370000,0
1715407200000,33.61000000,33.72000000,33.57000000,33.60000000,29513.13000000,1715410799999,992798.40510000,1744,16917.72000000,569183.01050000,0
1715410800000,33.60000000,33.71000000,33.55000000,33.65000000,30463.66000000,1715414399999,1024462.00140000,1786,15040.39000000,505957.10230000,0
1715414400000,33.65000000,33.67000000,33.30000000,33.35000000,60017.54000000,1715417999999,2007367.18270000,3156,25433.17000000,850345.55580000,0
1715418000000,33.35000000,33.48000000,33.31000000,33.46000000,37185.18000000,1715421599999,1242000.93640000,2084,19156.66000000,639828.41080000,0
1715421600000,33.46000000,33.55000000,33.31000000,33.42000000,29273.95000000,1715425199999,978828.13150000,1755,16063.85000000,537221.51330000,0
1715425200000,33.42000000,33.43000000,33.06000000,33.39000000,60840.18000000,1715428799999,2023939.39280000,3988,26426.62000000,878886.56620000,0
1715428800000,33.38000000,33.61000000,33.24000000,33.39000000,120738.18000000,1715432399999,4036327.00570000,4472,65358.52000000,2184688.36050000,0
1715432400000,33.40000000,33.65000000,33.36000000,33.63000000,69779.13000000,1715435999999,2339536.74890000,3214,35983.43000000,1206239.91270000,0
1715436000000,33.62000000,33.66000000,33.43000000,33.49000000,36852.21000000,1715439599999,1235153.40400000,2056,17949.03000000,601626.90010000,0
1715439600000,33.49000000,33.99000000,33.49000000,33.80000000,87296.92000000,1715443199999,2944972.68100000,4686,49891.41000000,1682278.70670000,0
1715443200000,33.81000000,33.92000000,33.73000000,33.84000000,47239.34000000,1715446799999,1598679.42010000,3101,22673.16000000,767309.61950000,0
1715446800000,33.85000000,33.89000000,33.62000000,33.72000000,36510.72000000,1715450399999,1231296.32000000,2252,13698.66000000,461862.09770000,0
1715450400000,33.73000000,33.92000000,33.69000000,33.83000000,21723.20000000,1715453999999,734657.56450000,1767,12806.00000000,433064.99050000,0
1715454000000,33.83000000,33.88000000,33.74000000,33.80000000,21868.62000000,1715457599999,739258.98840000,1526,7721.40000000,261030.32460000,0
1715457600000,33.80000000,33.81000000,33.57000000,33.72000000,28979.29000000,1715461199999,976553.93250000,1867,14776.14000000,497941.65080000,0
1715461200000,33.71000000,33.72000000,33.55000000,33.57000000,18241.59000000,1715464799999,613452.08140000,1507,6548.07000000,220234.98730000,0
1715464800000,33.57000000,33.65000000,33.50000000,33.55000000,19189.90000000,1715468399999,644069.63590000,1523,7585.13000000,254663.56310000,0
1715468400000,33.55000000,33.57000000,33.43000000,33.49000000,14972.16000000,1715471999999,501557.09220000,1124,7564.78000000,253402.58360000,0
1715472000000,33.49000000,33.71000000,33.46000000,33.56000000,18522.83000000,1715475599999,622049.42630000,1357,9265.00000000,311165.22670000,0
1715475600000,33.57000000,33.67000000,33.51000000,33.53000000,15976.48000000,1715479199999,536575.21280000,1142,6246.47000000,209779.28740000,0
1715479200000,33.53000000,33.68000000,33.48000000,33.62000000,14090.33000000,1715482799999,473115.64310000,1165,7248.22000000,243403.53900000,0
1715482800000,33.62000000,33.63000000,33.52000000,33.55000000,12782.08000000,1715486399999,429223.79900000,871,5801.07000000,194816.09280000,0
1715486400000,33.56000000,33.74000000,33.53000000,33.72000000,16145.78000000,1715489999999,542938.06800000,961,8154.55000000,274254.33020000,0
1715490000000,33.72000000,33.75000000,33.67000000,33.74000000,11674.07000000,1715493599999,393573.55700000,765,5940.81000000,200293.97800000,0
1715493600000,33.74000000,33.77000000,33.53000000,33.57000000,11411.49000000,1715497199999,383915.50780000,1050,3889.27000000,130846.00850000,0
1715497200000,33.58000000,33.62000000,33.19000000,33.25000000,45787.54000000,1715500799999,1527730.70640000,2983,19775.76000000,659853.93550000,0
1715500800000,33.25000000,33.50000000,33.21000000,33.45000000,36612.03000000,1715504399999,1221617.22470000,2365,18607.66000000,620888.46010000,0
1715504400000,33.45000000,33.49000000,33.32000000,33.47000000,18287.74000000,1715507999999,610792.78240000,1230,9294.98000000,310518.56840000,0
1715508000000,33.48000000,34.00000000,33.47000000,33.76000000,66750.89000000,1715511599999,2256176.66290000,4170,41168.97000000,1391430.49460000,0
1715511600000,33.76000000,33.84000000,33.69000000,33.79000000,16933.80000000,1715515199999,572002.40220000,1417,8660.34000000,292583.47180000,0
1715515200000,33.79000000,33.87000000,33.68000000,33.74000000,26136.74000000,1715518799999,882714.19330000,1730,13530.13000000,457080.25880000,0
1715518800000,33.74000000,33.86000000,33.67000000,33.84000000,25052.03000000,1715522399999,846022.33910000,1677,12761.27000000,431120.07760000,0
1715522400000,33.84000000,33.88000000,33.55000000,33.59000000,28090.01000000,1715525999999,946827.12700000,1741,11310.33000000,381199.78500000,0
1715526000000,33.59000000,33.75000000,33.49000000,33.70000000,35203.37000000,1715529599999,1183679.57020000,2230,19696.93000000,662526.74350000,0
1715529600000,33.70000000,33.91000000,33.64000000,33.64000000,62950.48000000,1715533199999,2129353.96220000,5109,28804.24000000,974318.95840000,0
1715533200000,33.65000000,33.80000000,33.54000000,33.70000000,40900.84000000,1715536799999,1376944.37940000,2135,22738.63000000,765667.53170000,0
1715536800000,33.70000000,33.70000000,33.45000000,33.49000000,22419.21000000,1715540399999,752654.28210000,1326,9283.00000000,311635.42260000,0
1715540400000,33.48000000,33.49000000,33.33000000,33.46000000,20515.81000000,1715543999999,685473.69440000,1348,9854.44000000,329283.38740000,0
1715544000000,33.46000000,33.49000000,33.36000000,33.41000000,18108.95000000,1715547599999,605358.80520000,1203,7376.94000000,246669.81310000,0
1715547600000,33.40000000,33.41000000,32.78000000,33.22000000,83027.98000000,1715551199999,2744451.34730000,6190,35068.61000000,1158851.41330000,0
1715551200000,33.23000000,33.28000000,33.16000000,33.18000000,28087.47000000,1715554799999,933064.02400000,1574,14436.55000000,479657.75720000,0
1715554800000,33.19000000,33.29000000,33.14000000,33.14000000,12790.21000000,1715558399999,424643.75180000,883,6256.67000000,207762.76300000,0
1715558400000,33.14000000,33.43000000,33.14000000,33.25000000,26017.42000000,1715561999999,866445.24830000,1720,13453.65000000,447945.34610000,0
1715562000000,33.24000000,33.26000000,32.53000000,32.83000000,92941.00000000,1715565599999,3049945.50410000,6585,43567.86000000,1429608.28430000,0
1715565600000,32.83000000,32.94000000,32.14000000,32.35000000,127031.73000000,1715569199999,4121531.85480000,8740,61132.20000000,1983620.98250000,0
1715569200000,32.35000000,32.35000000,31.93000000,32.33000000,97669.14000000,1715572799999,3142317.14170000,5842,46872.44000000,1508545.86250000,0
1715572800000,32.33000000,32.33000000,32.07000000,32.22000000,37708.44000000,1715576399999,1214626.09420000,2290,20293.22000000,653757.82030000,0
1715576400000,32.21000000,32.38000000,32.07000000,32.09000000,46026.90000000,1715579999999,1483355.92930000,2590,23517.76000000,757958.49380000,0
1715580000000,32.09000000,32.87000000,32.08000000,32.79000000,85352.99000000,1715583599999,2775209.94580000,4601,45125.22000000,1466059.81420000,0
1715583600000,32.79000000,33.49000000,32.71000000,33.49000000,113726.82000000,1715587199999,3764458.65410000,6753,60015.61000000,1986597.50480000,0
1715587200000,33.48000000,33.80000000,33.48000000,33.54000000,186700.37000000,1715590799999,6277908.43120000,9292,99445.77000000,3342813.39200000,0
1715590800000,33.55000000,33.82000000,33.49000000,33.65000000,76411.68000000,1715594399999,2570556.29660000,3665,43595.61000000,1467322.85590000,0
1715594400000,33.66000000,33.68000000,33.29000000,33.45000000,67193.91000000,1715597999999,2248716.94790000,3402,31448.19000000,1052588.55680000,0
1715598000000,33.46000000,33.53000000,33.27000000,33.41000000,34868.38000000,1715601599999,1163980.45530000,1934,17107.67000000,571107.60110000,0
1715601600000,33.40000000,33.41000000,33.16000000,33.32000000,49509.99000000,1715605199999,1648710.65820000,2865,25556.24000000,850978.61260000,0
1715605200000,33.33000000,33.38000000,32.95000000,33.04000000,70746.63000000,1715608799999,2348377.48670000,3968,32291.24000000,1072278.57120000,0
1715608800000,33.03000000,33.49000000,32.95000000,32.97000000,104217.36000000,1715612399999,3459835.85700000,5215,45438.51000000,1509900.10950000,0
1715612400000,32.97000000,33.41000000,32.92000000,33.29000000,97140.70000000,1715615999999,3219492.14910000,3809,50692.13000000,1680286.80670000,0
1715616000000,33.30000000,33.45000000,33.13000000,33.37000000,315608.01000000,1715619599999,10501966.19240000,11884,194323.84000000,6464137.77870000,0
1715619600000,33.36000000,33.41000000,32.68000000,32.81000000,130790.07000000,1715623199999,4306886.93900000,5708,64561.13000000,2125341.54710000,0
1715623200000,32.80000000,32.83000000,32.45000000,32.62000000,63094.05000000,1715626799999,2055883.48870000,3022,29757.80000000,969664.90530000,0
1715626800000,32.62000000,32.93000000,32.55000000,32.85000000,64386.71000000,1715630399999,2112627.85710000,3420,31849.52000000,1045027.61070000,0
1715630400000,32.84000000,32.90000000,32.73000000,32.87000000,25918.85000000,1715633999999,850382.03390000,1284,12932.07000000,424254.48570000,0
1715634000000,32.86000000,32.89000000,32.59000000,32.64000000,36324.94000000,1715637599999,1189482.94910000,1708,18526.14000000,606312.65790000,0
1715637600000,32.64000000,32.73000000,32.35000000,32.41000000,60904.41000000,1715641199999,1978459.86930000,3143,25507.21000000,829074.67160000,0
1715641200000,32.42000000,32.58000000,32.38000000,32.46000000,27752.78000000,1715644799999,901205.30420000,1361,13469.25000000,437367.67870000,0
1715644800000,32.46000000,32.62000000,32.22000000,32.30000000,75377.44000000,1715648399999,2443184.97330000,3737,34180.32000000,1107635.96500000,0
1715648400000,32.30000000,32.47000000,32.08000000,32.18000000,71805.36000000,1715651999999,2316323.13840000,3520,34453.23000000,1111725.83080000,0
1715652000000,32.14000000,32.23000000,31.94000000,32.20000000,54083.44000000,1715655599999,1734698.65850000,2835,25075.94000000,804548.24470000,0
1715655600000,32.21000000,32.35000000,32.12000000,32.18000000,40723.80000000,1715659199999,1312121.16790000,1975,21432.59000000,690658.05590000,0
1715659200000,32.18000000,32.42000000,32.15000000,32.34000000,45638.08000000,1715662799999,1474274.74150000,1876,26998.21000000,872161.47590000,0
1715662800000,32.34000000,32.60000000,32.27000000,32.48000000,47152.00000000,1715666399999,1531121.09710000,2125,23786.98000000,772380.19920000,0
1715666400000,32.48000000,32.48000000,31.60000000,32.31000000,178360.58000000,1715669999999,5703494.34890000,9273,80478.36000000,2572895.20670000,0
1715670000000,32.30000000,32.67000000,32.29000000,32.66000000,53467.86000000,1715673599999,1735306.76330000,2697,25639.12000000,832349.17980000,0
1715673600000,32.66000000,33.34000000,32.52000000,32.96000000,190308.55000000,1715677199999,6267935.49390000,9131,105393.10000000,3468498.93610000,0
1715677200000,32.96000000,33.22000000,32.69000000,32.73000000,74278.00000000,1715680799999,2449172.86350000,3359,38202.62000000,1260419.99230000,0
1715680800000,32.73000000,32.95000000,32.67000000,32.87000000,65116.68000000,1715684399999,2136160.00520000,2971,29095.98000000,955068.37180000,0
1715684400000,32.87000000,32.92000000,32.70000000,32.74000000,31643.81000000,1715687999999,1037970.95790000,1961,15018.36000000,492653.36770000,0
1715688000000,32.73000000,33.02000000,32.45000000,32.70000000,137690.13000000,1715691599999,4500922.85080000,7159,65762.76000000,2150400.63430000,0
1715691600000,32.68000000,32.78000000,32.47000000,32.48000000,73487.96000000,1715695199999,2398929.45400000,3502,31844.41000000,1039577.79070000,0
1715695200000,32.48000000,32.53000000,31.75000000,31.97000000,213752.27000000,1715698799999,6864052.22730000,11580,95291.67000000,3057080.65050000,0
1715698800000,31.97000000,32.34000000,31.89000000,32.09000000,77334.56000000,1715702399999,2482940.89430000,3545,42018.75000000,1349155.22250000,0
1715702400000,32.09000000,32.10000000,31.78000000,31.95000000,58636.81000000,1715705999999,1870840.91780000,2979,28420.15000000,906861.43840000,0
1715706000000,31.96000000,31.97000000,31.65000000,31.78000000,71502.14000000,1715709599999,2272953.51440000,3432,33682.86000000,1070616.84140000,0
1715709600000,31.77000000,32.04000000,31.74000000,32.01000000,36139.45000000,1715713199999,1153750.99810000,1810,20141.13000000,643049.89020000,0
1715713200000,32.02000000,32.14000000,31.93000000,31.93000000,37447.29000000,1715716799999,1199730.62510000,1757,17720.51000000,567960.03550000,0
1715716800000,31.93000000,31.96000000,31.82000000,31.82000000,30577.55000000,1715720399999,974985.64830000,1563,14001.24000000,446515.26620000,0
1715720400000,31.82000000,31.86000000,31.63000000,31.78000000,32218.28000000,1715723999999,1023586.08350000,1552,14725.38000000,467763.18060000,0
1715724000000,31.78000000,31.80000000,31.52000000,31.62000000,32949.88000000,1715727599999,1042516.72690000,2045,17065.81000000,540122.11110000,0
1715727600000,31.63000000,31.66000000,31.48000000,31.58000000,40117.21000000,1715731199999,1266290.75240000,2290,13082.08000000,413019.68250000,0
1715731200000,31.58000000,31.85000000,31.35000000,31.42000000,47691.70000000,1715734799999,1505167.27550000,2858,19981.87000000,630985.97020000,0
1715734800000,31.42000000,31.80000000,31.42000000,31.77000000,28957.35000000,1715738399999,916632.55700000,1575,17008.00000000,538328.72690000,0
1715738400000,31.77000000,31.93000000,31.76000000,31.91000000,19532.24000000,1715741999999,622309.94690000,1246,12346.81000000,393387.49120000,0
1715742000000,31.92000000,32.46000000,31.92000000,32.32000000,55145.31000000,1715745599999,1777120.58210000,2922,34210.21000000,1102371.92280000,0
1715745600000,32.33000000,32.42000000,32.08000000,32.13000000,54602.13000000,1715749199999,1757427.69110000,2288,21094.55000000,679334.62950000,0
1715749200000,32.12000000,32.27000000,32.08000000,32.24000000,61335.77000000,1715752799999,1972335.41240000,2041,28819.27000000,926950.79540000,0
1715752800000,32.25000000,32.52000000,32.22000000,32.51000000,47707.76000000,1715756399999,1542806.49910000,2322,24871.79000000,804288.19760000,0
1715756400000,32.51000000,32.72000000,32.43000000,32.67000000,69761.96000000,1715759999999,2272268.27800000,3253,37975.97000000,1236708.36250000,0
1715760000000,32.68000000,32.79000000,32.46000000,32.58000000,64348.92000000,1715763599999,2097737.97150000,3588,27645.09000000,901237.53920000,0
1715763600000,32.59000000,33.08000000,32.35000000,32.91000000,83613.89000000,1715767199999,2732258.08410000,5795,39976.90000000,1306833.37550000,0
1715767200000,32.91000000,33.27000000,32.78000000,32.96000000,103002.59000000,1715770799999,3404847.86100000,4775,47080.32000000,1556103.53620000,0
1715770800000,32.96000000,32.99000000,32.61000000,32.73000000,40664.32000000,1715774399999,1331874.77670000,2497,17785.68000000,582453.90550000,0
1715774400000,32.73000000,33.84000000,32.63000000,33.79000000,323388.22000000,1715777999999,10825355.99650000,16512,173249.07000000,5796956.20540000,0
1715778000000,33.80000000,34.47000000,33.71000000,33.99000000,277104.51000000,1715781599999,9458322.81570000,15270,141761.47000000,4838224.13500000,0
1715781600000,34.00000000,34.48000000,33.95000000,34.31000000,104852.91000000,1715785199999,3593246.43030000,5620,56833.99000000,1948374.79990000,0
1715785200000,34.31000000,34.42000000,34.04000000,34.08000000,122860.79000000,1715788799999,4205286.34520000,5476,59691.48000000,2043600.43120000,0
1715788800000,34.08000000,34.31000000,33.77000000,33.92000000,167384.06000000,1715792399999,5691008.40480000,7465,81100.58000000,2757706.49630000,0
1715792400000,33.93000000,34.07000000,33.82000000,33.97000000,68899.35000000,1715795999999,2339584.03800000,2862,37152.29000000,1261461.79150000,0
1715796000000,33.97000000,34.14000000,33.79000000,34.05000000,74684.54000000,1715799599999,2539154.05980000,3777,41729.29000000,1418854.65680000,0
1715799600000,34.06000000,34.35000000,33.84000000,34.33000000,107261.33000000,1715803199999,3661910.52010000,4498,55391.53000000,1891670.60380000,0
1715803200000,34.32000000,34.58000000,34.25000000,34.55000000,96380.39000000,1715806799999,3316267.19090000,4788,46439.12000000,1597809.03620000,0
1715806800000,34.56000000,34.59000000,34.41000000,34.49000000,47914.68000000,1715810399999,1652947.10310000,2356,23879.36000000,823984.50950000,0
1715810400000,34.48000000,34.72000000,34.44000000,34.56000000,70197.68000000,1715813999999,2429489.31670000,3728,35930.82000000,1243824.68740000,0
1715814000000,34.56000000,34.79000000,34.48000000,34.66000000,59233.34000000,1715817599999,2051593.29210000,3509,29334.25000000,1016128.82100000,0
1715817600000,34.66000000,34.82000000,34.45000000,34.67000000,105988.65000000,1715821199999,3672463.34010000,4627,49656.92000000,1721054.83860000,0
1715821200000,34.66000000,34.88000000,34.62000000,34.87000000,62280.12000000,1715824799999,2163549.93030000,2750,38354.23000000,1332508.97290000,0
1715824800000,34.87000000,34.92000000,34.67000000,34.78000000,42292.45000000,1715828399999,1471115.65570000,2351,22116.39000000,769298.45310000,0
1715828400000,34.78000000,35.01000000,34.69000000,34.97000000,59269.37000000,1715831999999,2068801.05350000,3339,30566.47000000,1066845.58420000,0
1715832000000,34.96000000,35.01000000,34.70000000,34.78000000,39546.89000000,1715835599999,1378153.51320000,1857,17330.00000000,603990.14040000,0
1715835600000,34.78000000,34.79000000,34.55000000,34.68000000,37134.66000000,1715839199999,1286738.32580000,1871,15560.60000000,539235.23020000,0
1715839200000,34.67000000,34.81000000,34.62000000,34.71000000,32899.12000000,1715842799999,1142013.60140000,1681,17958.02000000,623501.64790000,0
1715842800000,34.70000000,34.87000000,34.68000000,34.76000000,39603.49000000,1715846399999,1378318.14400000,2022,20125.66000000,700496.22490000,0
1715846400000,34.76000000,34.90000000,34.56000000,34.58000000,41359.17000000,1715849999999,1435888.17720000,2007,17856.43000000,620000.16540000,0
1715850000000,34.58000000,34.98000000,34.48000000,34.93000000,57128.05000000,1715853599999,1980314.47770000,2998,30655.98000000,1063131.70600000,0
1715853600000,34.93000000,34.93000000,34.47000000,34.54000000,45607.25000000,1715857199999,1581110.64370000,3065,17197.25000000,595821.62860000,0
1715857200000,34.54000000,34.64000000,34.43000000,34.62000000,35121.48000000,1715860799999,1213403.04270000,1847,19950.98000000,689445.59240000,0
1715860800000,34.62000000,34.63000000,34.03000000,34.37000000,154012.15000000,1715864399999,5282669.06830000,8129,70347.09000000,2412705.99310000,0
1715864400000,34.37000000,34.90000000,34.16000000,34.63000000,94473.17000000,1715867999999,3257224.47760000,4852,49137.60000000,1694684.21680000,0
1715868000000,34.63000000,34.65000000,33.83000000,33.91000000,172469.85000000,1715871599999,5892161.07390000,8961,72964.79000000,2492704.36690000,0
1715871600000,33.91000000,34.37000000,33.83000000,34.21000000,82336.03000000,1715875199999,2803321.52520000,4897,47041.64000000,1601263.91040000,0
1715875200000,34.21000000,34.27000000,33.88000000,34.12000000,66563.63000000,1715878799999,2267216.53490000,3637,29687.71000000,1011625.65740000,0
1715878800000,34.12000000,34.23000000,33.75000000,34.02000000,55474.08000000,1715882399999,1883892.71100000,3121,26038.97000000,884535.46220000,0
1715882400000,34.02000000,34.17000000,33.99000000,34.05000000,32279.62000000,1715885999999,1099781.56760000,1641,17212.00000000,586418.30900000,0
1715886000000,34.04000000,34.45000000,34.03000000,34.36000000,55192.65000000,1715889599999,1892500.14220000,2925,32144.91000000,1102013.10110000,0
1715889600000,34.36000000,34.42000000,34.17000000,34.29000000,42602.11000000,1715893199999,1461626.95170000,2544,22088.62000000,757948.58600000,0
1715893200000,34.29000000,34.38000000,34.17000000,34.35000000,31887.26000000,1715896799999,1092889.56370000,1764,15706.31000000,538394.71590000,0
1715896800000,34.36000000,34.42000000,34.11000000,34.40000000,28537.54000000,1715900399999,977942.16220000,1986,14151.02000000,485106.23360000,0
1715900400000,34.40000000,34.60000000,34.35000000,34.46000000,35033.98000000,1715903999999,1207999.96860000,2190,18081.10000000,623426.00110000,0
1715904000000,34.45000000,34.62000000,34.45000000,34.57000000,29579.24000000,1715907599999,1021637.37500000,1648,14828.87000000,512177.96610000,0
1715907600000,34.56000000,34.66000000,34.26000000,34.48000000,45903.47000000,1715911199999,1581823.08850000,2318,19845.08000000,683962.47440000,0
1715911200000,34.51000000,34.63000000,34.41000000,34.54000000,26413.52000000,1715914799999,911520.20460000,1477,15228.38000000,525556.77570000,0
1715914800000,34.56000000,34.94000000,34.46000000,34.79000000,79724.71000000,1715918399999,2771375.64460000,3082,48162.76000000,1674821.66930000,0
1715918400000,34.79000000,34.89000000,34.68000000,34.76000000,41341.74000000,1715921999999,1438130.48070000,1778,18588.74000000,646714.21840000,0
1715922000000,34.77000000,34.95000000,34.71000000,34.94000000,35414.41000000,1715925599999,1233653.03260000,2004,19649.99000000,684676.36830000,0
1715925600000,34.95000000,35.94000000,34.90000000,35.90000000,161133.55000000,1715929199999,5707544.28930000,8453,104094.95000000,3687992.19720000,0
1715929200000,35.89000000,37.32000000,35.89000000,37.29000000,357659.95000000,1715932799999,13120579.48550000,21297,204955.40000000,7518859.99290000,0
1715932800000,37.28000000,37.59000000,36.63000000,36.71000000,230344.81000000,1715936399999,8560439.45020000,14468,103130.27000000,3832485.58490000,0
1715936400000,36.70000000,36.71000000,36.24000000,36.53000000,102873.42000000,1715939999999,3751100.67610000,6231,51124.66000000,1864159.58910000,0
1715940000000,36.53000000,36.94000000,36.41000000,36.89000000,103512.02000000,1715943599999,3794311.94320000,4957,58427.97000000,2142646.00910000,0
1715943600000,36.89000000,36.97000000,36.55000000,36.56000000,75344.18000000,1715947199999,2772383.90900000,3537,34188.65000000,1259002.73700000,0
1715947200000,36.56000000,37.02000000,36.50000000,36.89000000,89870.05000000,1715950799999,3304892.77300000,4415,46229.55000000,1700150.22850000,0
1715950800000,36.89000000,36.96000000,36.40000000,36.53000000,85182.48000000,1715954399999,3125044.09580000,4366,34138.39000000,1252358.97030000,0
1715954400000,36.54000000,36.85000000,36.52000000,36.78000000,60842.30000000,1715957999999,2232355.37020000,3279,31210.43000000,1144899.05650000,0
1715958000000,36.78000000,37.25000000,36.64000000,37.12000000,153925.34000000,1715961599999,5700231.38320000,7515,87222.25000000,3230610.77740000,0
1715961600000,37.12000000,37.19000000,36.78000000,36.85000000,133036.71000000,1715965199999,4922094.96260000,6014,63316.56000000,2343807.77280000,0
1715965200000,36.85000000,36.93000000,36.62000000,36.65000000,79928.56000000,1715968799999,2938369.39810000,4194,37082.91000000,1363753.37750000,0
1715968800000,36.64000000,36.67000000,36.23000000,36.50000000,133939.21000000,1715972399999,4875272.43720000,6516,56870.18000000,2069859.04080000,0
1715972400000,36.49000000,36.58000000,36.38000000,36.57000000,67073.12000000,1715975999999,2446501.55060000,3362,37689.58000000,1375008.41770000,0
1715976000000,36.56000000,36.56000000,36.37000000,36.40000000,43859.12000000,1715979599999,1598765.00430000,2244,21717.21000000,791526.38310000,0
1715979600000,36.40000000,36.45000000,36.33000000,36.42000000,25212.55000000,1715983199999,917319.28390000,1955,9653.43000000,351201.74590000,0
1715983200000,36.42000000,36.51000000,36.37000000,36.50000000,23289.82000000,1715986799999,848682.80160000,1559,12268.16000000,447022.87520000,0
1715986800000,36.49000000,36.49000000,36.31000000,36.43000000,21988.97000000,1715990399999,800531.25850000,1497,11187.56000000,407382.94490000,0
1715990400000,36.43000000,36.78000000,36.34000000,36.70000000,57194.40000000,1715993999999,2092821.98250000,3630,32619.12000000,1193477.10190000,0
1715994000000,36.70000000,36.93000000,36.54000000,36.92000000,39717.66000000,1715997599999,1460031.60220000,2979,21208.51000000,780013.16230000,0
1715997600000,36.92000000,37.33000000,36.91000000,37.30000000,81814.94000000,1716001199999,3037809.19590000,5793,41704.24000000,1548467.64730000,0
1716001200000,37.30000000,37.66000000,37.14000000,37.61000000,110527.62000000,1716004799999,4135029.26460000,6452,63722.18000000,2384576.05700000,0
1716004800000,37.60000000,37.63000000,37.22000000,37.42000000,54869.98000000,1716008399999,2052109.46110000,3350,26159.20000000,978058.18150000,0
1716008400000,37.42000000,37.52000000,37.11000000,37.27000000,43193.24000000,1716011999999,1612493.01600000,2769,16266.62000000,607151.45670000,0
1716012000000,37.28000000,37.56000000,37.17000000,37.46000000,39680.17000000,1716015599999,1482035.05090000,3040,21575.30000000,806002.95940000,0
1716015600000,37.45000000,37.47000000,37.15000000,37.19000000,86002.87000000,1716019199999,3207675.15190000,4190,36787.22000000,1371842.31990000,0
1716019200000,37.19000000,37.42000000,37.16000000,37.25000000,25932.48000000,1716022799999,967156.33210000,1767,12242.69000000,456687.25430000,0
1716022800000,37.24000000,37.46000000,37.19000000,37.39000000,32575.65000000,1716026399999,1215567.63980000,2210,19746.41000000,736858.80520000,0
1716026400000,37.38000000,37.47000000,37.18000000,37.46000000,54770.06000000,1716029999999,2043930.95940000,3001,26176.99000000,977358.54240000,0
1716030000000,37.47000000,37.56000000,37.35000000,37.48000000,58102.04000000,1716033599999,2176486.88230000,3270,31676.47000000,1186519.05580000,0
1716033600000,37.48000000,37.54000000,36.99000000,37.10000000,79074.29000000,1716037199999,2940992.22700000,5142,32350.84000000,1202781.82420000,0
1716037200000,37.10000000,37.32000000,36.96000000,37.04000000,63717.77000000,1716040799999,2365765.14470000,3600,30794.13000000,1143314.40000000,0
1716040800000,37.04000000,37.22000000,36.86000000,37.16000000,105078.76000000,1716044399999,3894222.98110000,6159,45797.11000000,1697581.20460000,0
1716044400000,37.17000000,37.52000000,37.15000000,37.34000000,58102.65000000,1716047999999,2167987.20970000,3776,31226.46000000,1165434.53780000,0
1716048000000,37.34000000,37.35000000,37.05000000,37.05000000,39172.39000000,1716051599999,1457409.88590000,2786,17653.15000000,657030.79060000,0
1716051600000,37.05000000,37.29000000,37.04000000,37.16000000,36195.63000000,1716055199999,1345774.44080000,2693,19511.27000000,725511.47340000,0
1716055200000,37.15000000,37.21000000,36.96000000,36.97000000,16972.54000000,1716058799999,628969.80090000,2047,7825.59000000,290065.29480000,0
1716058800000,36.97000000,37.10000000,36.91000000,37.06000000,27915.45000000,1716062399999,1032285.09430000,2057,14153.61000000,523580.90310000,0
1716062400000,37.07000000,37.29000000,36.95000000,37.19000000,28736.18000000,1716065999999,1066918.98240000,5717,15994.84000000,593980.30170000,0
1716066000000,37.19000000,37.28000000,37.04000000,37.15000000,27778.35000000,1716069599999,1032954.49230000,3669,12344.33000000,459014.12600000,0
1716069600000,37.16000000,37.23000000,37.08000000,37.11000000,24849.80000000,1716073199999,923306.03070000,1929,12349.71000000,458782.06800000,0
1716073200000,37.12000000,37.28000000,37.08000000,37.24000000,20017.83000000,1716076799999,744078.99840000,1447,12041.58000000,447595.92730000,0
1716076800000,37.23000000,37.38000000,37.13000000,37.23000000,33476.90000000,1716080399999,1247932.29290000,2311,17727.73000000,661081.45670000,0
1716080400000,37.23000000,37.57000000,37.23000000,37.42000000,35284.69000000,1716083999999,1321074.34360000,2295,21543.94000000,806644.57730000,0
1716084000000,37.43000000,37.74000000,37.39000000,37.71000000,45966.14000000,1716087599999,1729943.12250000,3843,24033.41000000,904266.49650000,0
1716087600000,37.72000000,37.76000000,37.37000000,37.47000000,54097.51000000,1716091199999,2033115.73460000,3168,31670.11000000,1190313.56290000,0
1716091200000,37.48000000,37.49000000,37.13000000,37.23000000,31593.66000000,1716094799999,1176418.59960000,2576,14388.84000000,535548.56510000,0
1716094800000,37.23000000,37.26000000,37.01000000,37.02000000,21766.56000000,1716098399999,808642.37420000,1850,8972.56000000,333472.04170000,0
1716098400000,37.02000000,37.08000000,36.67000000,36.85000000,86925.56000000,1716101999999,3202850.25580000,5937,43786.98000000,1613476.20980000,0
1716102000000,36.86000000,36.96000000,36.72000000,36.90000000,30264.74000000,1716105599999,1115364.91210000,1856,13776.40000000,507893.07360000,0
1716105600000,36.89000000,36.90000000,36.67000000,36.75000000,34054.62000000,1716109199999,1252464.15430000,2195,12576.56000000,462529.79990000,0
1716109200000,36.75000000,36.78000000,36.54000000,36.68000000,25292.83000000,1716112799999,926915.43950000,2251,9641.48000000,353316.60430000,0
1716112800000,36.67000000,36.92000000,36.59000000,36.66000000,52621.65000000,1716116399999,1933613.36290000,3188,29808.43000000,1095495.27260000,0
1716116400000,36.65000000,36.68000000,36.36000000,36.64000000,69519.71000000,1716119999999,2535719.01270000,4367,30387.89000000,1108460.64060000,0
1716120000000,36.63000000,36.71000000,36.17000000,36.35000000,90786.95000000,1716123599999,3308243.73330000,5477,45822.74000000,1670316.65450000,0
1716123600000,36.34000000,36.39000000,35.97000000,36.19000000,63715.06000000,1716127199999,2305049.26710000,4230,26133.16000000,945666.07890000,0
1716127200000,36.19000000,36.26000000,36.01000000,36.10000000,28942.30000000,1716130799999,1045274.97340000,1832,13460.17000000,486144.25290000,0
1716130800000,36.10000000,36.11000000,35.79000000,35.96000000,62133.11000000,1716134399999,2233729.35380000,3792,25779.69000000,926930.21570000,0
1716134400000,35.97000000,35.97000000,35.42000000,35.44000000,73119.94000000,1716137999999,2609081.93400000,4643,27125.10000000,967714.53390000,0
1716138000000,35.44000000,35.89000000,35.37000000,35.67000000,67951.74000000,1716141599999,2423231.28850000,4122,28591.18000000,1019556.13250000,0
1716141600000,35.68000000,35.74000000,35.51000000,35.53000000,27783.43000000,1716145199999,989331.90710000,1889,12274.15000000,437138.85700000,0
1716145200000,35.54000000,35.83000000,35.46000000,35.57000000,65384.34000000,1716148799999,2329759.73360000,3351,27297.05000000,973127.84580000,0
1716148800000,35.56000000,35.97000000,35.54000000,35.91000000,33153.74000000,1716152399999,1184710.63090000,2152,17232.82000000,615728.81370000,0
1716152400000,35.91000000,35.97000000,35.44000000,35.62000000,39946.45000000,1716155999999,1424179.88420000,2386,16496.74000000,587995.87760000,0
1716156000000,35.62000000,35.87000000,35.56000000,35.85000000,16512.90000000,1716159599999,590258.08930000,1257,8814.58000000,315050.47900000,0
1716159600000,35.86000000,35.86000000,35.55000000,35.60000000,18679.96000000,1716163199999,666145.76420000,1011,7133.88000000,254367.18250000,0
1716163200000,35.60000000,35.82000000,35.45000000,35.64000000,33456.40000000,1716166799999,1191767.21100000,1914,16505.17000000,588125.01350000,0
1716166800000,35.64000000,35.71000000,35.15000000,35.61000000,82089.79000000,1716170399999,2906850.48780000,4898,40243.18000000,1424781.55550000,0
1716170400000,35.61000000,36.16000000,35.58000000,36.02000000,44081.14000000,1716173999999,1583140.39270000,2838,24252.23000000,870834.66440000,0
1716174000000,36.02000000,36.10000000,35.45000000,35.67000000,69936.19000000,1716177599999,2499969.18880000,4331,29525.99000000,1054649.95680000,0
1716177600000,35.66000000,36.27000000,35.60000000,36.17000000,53418.91000000,1716181199999,1920059.54310000,3183,29879.95000000,1073510.51150000,0
1716181200000,36.17000000,36.64000000,36.17000000,36.49000000,84985.88000000,1716184799999,3098104.30420000,4810,45056.20000000,1642553.82590000,0
1716184800000,36.49000000,36.54000000,35.38000000,35.57000000,99124.93000000,1716188399999,3564698.01680000,6173,41824.49000000,1503661.26680000,0
1716188400000,35.58000000,36.13000000,35.49000000,36.05000000,73415.57000000,1716191999999,2634417.56270000,3916,37270.88000000,1336796.36370000,0
1716192000000,36.06000000,36.30000000,36.05000000,36.16000000,52492.84000000,1716195599999,1898217.77260000,3191,23237.20000000,840471.15180000,0
1716195600000,36.16000000,36.30000000,35.95000000,35.97000000,32776.08000000,1716199199999,1185010.86380000,2107,15649.79000000,566052.59220000,0
1716199200000,35.97000000,36.15000000,35.89000000,36.02000000,52902.19000000,1716202799999,1907094.46400000,2434,26924.86000000,970811.75930000,0
1716202800000,36.02000000,36.31000000,35.89000000,36.01000000,66428.15000000,1716206399999,2399989.61730000,3651,33596.60000000,1214050.50350000,0
1716206400000,36.01000000,36.15000000,35.77000000,35.82000000,49512.74000000,1716209999999,1778809.83250000,2736,26539.32000000,953454.22550000,0
1716210000000,35.82000000,35.97000000,35.68000000,35.95000000,43072.19000000,1716213599999,1543190.89140000,2576,20446.15000000,732906.06520000,0
1716213600000,35.95000000,35.97000000,35.70000000,35.86000000,53606.08000000,1716217199999,1920343.83120000,2664,29069.50000000,1041348.82760000,0
1716217200000,35.88000000,36.68000000,35.80000000,36.66000000,92463.15000000,1716220799999,3363381.67870000,6226,46300.49000000,1684292.98680000,0
1716220800000,36.66000000,37.11000000,36.50000000,36.82000000,164339.26000000,1716224399999,6051033.76220000,8699,90838.39000000,3345345.25720000,0
1716224400000,36.82000000,37.08000000,36.63000000,36.91000000,100096.75000000,1716227999999,3685850.55590000,5230,51618.92000000,1900908.54250000,0
1716228000000,36.93000000,37.25000000,36.85000000,37.07000000,88632.17000000,1716231599999,3285344.13320000,5457,40418.03000000,1498129.03820000,0
1716231600000,37.07000000,38.78000000,36.92000000,38.67000000,413485.71000000,1716235199999,15703764.29460000,28621,221133.90000000,8398035.90160000,0
1716235200000,38.67000000,38.91000000,38.07000000,38.46000000,348458.28000000,1716238799999,13425134.33220000,20475,180088.56000000,6939966.64220000,0
1716238800000,38.47000000,38.96000000,38.06000000,38.95000000,214607.82000000,1716242399999,8237566.20660000,11775,118492.12000000,4551551.10480000,0
1716242400000,38.95000000,39.50000000,38.84000000,39.40000000,253982.32000000,1716245999999,9954248.49000000,14612,138050.39000000,5409932.51180000,0
1716246000000,39.39000000,40.35000000,39.18000000,40.13000000,286413.44000000,1716249599999,11409039.96890000,17190,177156.82000000,7059388.37360000,0
1716249600000,40.13000000,41.01000000,40.12000000,40.49000000,226471.47000000,1716253199999,9192131.01820000,15217,112040.76000000,4548448.86200000,0
1716253200000,40.49000000,40.52000000,39.66000000,39.94000000,172218.46000000,1716256799999,6890515.92280000,14419,80047.64000000,3202091.36690000,0
1716256800000,39.94000000,40.10000000,39.71000000,39.79000000,82444.78000000,1716260399999,3291024.67560000,4813,39635.14000000,1582892.69970000,0
1716260400000,39.79000000,39.99000000,39.71000000,39.76000000,40968.73000000,1716263999999,1632771.66510000,3166,19258.69000000,767456.73170000,0
1716264000000,39.76000000,40.85000000,39.76000000,40.21000000,197659.16000000,1716267599999,7976396.35940000,10637,118660.39000000,4789995.78020000,0
1716267600000,40.22000000,41.19000000,40.21000000,40.98000000,293021.56000000,1716271199999,11935044.22680000,17225,161558.55000000,6579611.77360000,0
1716271200000,40.99000000,41.08000000,40.53000000,40.71000000,138784.07000000,1716274799999,5654157.42200000,7581,60650.09000000,2470993.58030000,0
1716274800000,40.72000000,40.76000000,40.41000000,40.71000000,70983.07000000,1716278399999,2880481.01110000,4718,36118.25000000,1465959.05270000,0
1716278400000,40.68000000,40.74000000,40.32000000,40.44000000,78431.10000000,1716281999999,3174993.50420000,5206,30667.90000000,1241293.14970000,0
1716282000000,40.44000000,40.63000000,40.26000000,40.59000000,72413.47000000,1716285599999,2929642.96560000,4374,36857.46000000,1491713.27400000,0
1716285600000,40.59000000,40.78000000,40.42000000,40.58000000,90651.80000000,1716289199999,3678137.14670000,6524,43425.18000000,1762273.39480000,0
1716289200000,40.57000000,40.80000000,40.35000000,40.40000000,117489.06000000,1716292799999,4767057.00020000,6036,57846.17000000,2348085.39970000,0
1716292800000,40.39000000,40.91000000,40.17000000,40.71000000,148442.90000000,1716296399999,6021755.72620000,8182,77768.41000000,3155841.06060000,0
1716296400000,40.72000000,41.42000000,40.51000000,40.54000000,235232.14000000,1716299999999,9627222.01310000,15022,120085.33000000,4919520.68040000,0
1716300000000,40.53000000,41.09000000,40.43000000,40.52000000,145341.43000000,1716303599999,5918801.88750000,7946,62968.52000000,2565468.66360000,0
1716303600000,40.52000000,40.94000000,40.01000000,40.15000000,153591.06000000,1716307199999,6216248.66370000,8186,65924.01000000,2670928.79610000,0
1716307200000,40.15000000,40.99000000,40.01000000,40.88000000,144469.16000000,1716310799999,5872121.46780000,8648,72123.40000000,2931424.54210000,0
1716310800000,40.88000000,41.27000000,40.75000000,41.15000000,150817.50000000,1716314399999,6191675.06000000,9966,74617.20000000,3063333.59170000,0
1716314400000,41.16000000,41.34000000,40.82000000,40.90000000,82540.98000000,1716317999999,3389881.57450000,5145,36703.73000000,1507948.70990000,0
1716318000000,40.90000000,41.02000000,40.18000000,40.40000000,128643.49000000,1716321599999,5208321.26310000,7510,59731.36000000,2419677.60850000,0
1716321600000,40.41000000,40.99000000,40.40000000,40.85000000,62678.48000000,1716325199999,2554453.40160000,4216,31422.68000000,1280022.87140000,0
1716325200000,40.85000000,40.86000000,40.50000000,40.80000000,69711.37000000,1716328799999,2834282.10910000,3912,31078.24000000,1263483.18290000,0
1716328800000,40.82000000,41.32000000,40.82000000,41.28000000,85329.41000000,1716332399999,3503641.75730000,5086,45804.39000000,1881219.48080000,0
1716332400000,41.29000000,41.29000000,40.99000000,41.20000000,51068.96000000,1716335999999,2101940.90720000,2934,24226.49000000,996893.56730000,0
1716336000000,41.19000000,41.36000000,40.96000000,41.02000000,51029.89000000,1716339599999,2100724.51100000,3486,21114.75000000,869586.16480000,0
1716339600000,41.03000000,41.45000000,40.95000000,41.22000000,69073.22000000,1716343199999,2847356.04410000,3966,34973.63000000,1441928.80550000,0
1716343200000,41.23000000,41.25000000,40.94000000,40.98000000,37599.99000000,1716346799999,1545141.44170000,2529,16805.51000000,690663.31620000,0
1716346800000,40.98000000,40.98000000,40.57000000,40.76000000,47674.51000000,1716350399999,1941230.31840000,3426,21712.11000000,883985.51100000,0
1716350400000,40.76000000,40.87000000,40.19000000,40.72000000,92645.48000000,1716353999999,3757276.35260000,5489,38192.61000000,1549775.23710000,0
1716354000000,40.71000000,41.56000000,40.69000000,41.44000000,127472.49000000,1716357599999,5242374.28070000,8383,70885.53000000,2916658.39580000,0
1716357600000,41.44000000,41.80000000,41.23000000,41.37000000,86494.45000000,1716361199999,3588508.43520000,5811,45487.54000000,1887185.71820000,0
1716361200000,41.38000000,41.50000000,40.88000000,41.01000000,87988.01000000,1716364799999,3622669.81920000,5717,41482.76000000,1708164.06990000,0
1716364800000,41.00000000,41.31000000,40.80000000,41.23000000,63593.82000000,1716368399999,2613614.44740000,3560,33889.98000000,1392958.54570000,0
1716368400000,41.23000000,41.40000000,40.87000000,40.97000000,70150.73000000,1716371999999,2886951.90960000,4265,35422.28000000,1458641.96730000,0
1716372000000,40.97000000,41.11000000,40.86000000,40.92000000,48568.45000000,1716375599999,1988925.92210000,3567,21469.81000000,879341.69170000,0
1716375600000,40.93000000,40.97000000,40.31000000,40.31000000,78121.49000000,1716379199999,3173587.14790000,5672,34622.36000000,1406893.29240000,0
1716379200000,40.32000000,40.54000000,39.19000000,39.31000000,248357.87000000,1716382799999,9893342.52700000,19635,110160.39000000,4387649.88280000,0
1716382800000,39.31000000,39.97000000,39.27000000,39.92000000,147549.86000000,1716386399999,5849375.97280000,9551,74923.86000000,2970315.80860000,0
1716386400000,39.91000000,40.22000000,39.70000000,40.00000000,136661.61000000,1716389999999,5463480.91510000,8093,73375.63000000,2933340.85550000,0
1716390000000,39.99000000,40.83000000,39.83000000,40.39000000,117332.38000000,1716393599999,4729987.07040000,7514,64013.79000000,2581633.43430000,0
1716393600000,40.39000000,40.49000000,40.06000000,40.19000000,97668.37000000,1716397199999,3932793.66670000,5054,49221.10000000,1982244.32120000,0
1716397200000,40.19000000,40.48000000,39.76000000,39.94000000,115314.22000000,1716400799999,4625252.37150000,5581,57964.54000000,2325649.00820000,0
1716400800000,39.94000000,40.01000000,39.43000000,39.74000000,113671.06000000,1716404399999,4508549.22970000,5905,53002.46000000,2102657.60050000,0
1716404400000,39.72000000,40.00000000,39.70000000,39.99000000,43223.54000000,1716407999999,1722787.21060000,2619,21320.50000000,849858.57470000,0
1716408000000,40.00000000,40.38000000,39.72000000,39.82000000,93634.14000000,1716411599999,3749680.81800000,5098,41342.12000000,1655972.60370000,0
1716411600000,39.80000000,40.33000000,39.54000000,40.32000000,74901.24000000,1716415199999,2987857.30270000,4658,39314.12000000,1568724.33200000,0
1716415200000,40.32000000,40.34000000,39.99000000,40.05000000,41369.13000000,1716418799999,1659769.31980000,2591,15685.67000000,629607.51530000,0
1716418800000,40.04000000,40.05000000,39.90000000,40.00000000,26736.52000000,1716422399999,1068637.01880000,1595,11725.14000000,468714.40910000,0
1716422400000,40.01000000,40.34000000,40.00000000,40.15000000,39028.89000000,1716425999999,1567517.20860000,2051,18740.37000000,752600.48870000,0
1716426000000,40.14000000,40.27000000,39.77000000,40.12000000,46933.91000000,1716429599999,1880974.22340000,2658,21042.45000000,843513.64860000,0
1716429600000,40.12000000,40.22000000,40.00000000,40.15000000,18108.02000000,1716433199999,726283.89350000,1386,7819.78000000,313627.46050000,0
1716433200000,40.15000000,40.30000000,39.67000000,40.10000000,126282.22000000,1716436799999,5050214.63440000,8443,40862.95000000,1635560.38630000,0
1716436800000,40.09000000,40.11000000,39.81000000,39.90000000,28046.05000000,1716440399999,1120333.97210000,1960,10686.80000000,426728.42430000,0
1716440400000,39.91000000,39.98000000,39.60000000,39.71000000,38426.91000000,1716443999999,1529136.84950000,2409,16971.44000000,675474.12320000,0
1716444000000,39.71000000,40.03000000,39.52000000,39.94000000,52554.13000000,1716447599999,2090440.99100000,3024,27967.27000000,1113712.59150000,0
1716447600000,39.94000000,40.21000000,39.76000000,39.99000000,61245.00000000,1716451199999,2449643.87190000,3750,27001.65000000,1080171.58050000,0
1716451200000,39.98000000,40.01000000,39.70000000,39.79000000,32797.83000000,1716454799999,1306506.90090000,2201,15526.85000000,618656.95620000,0
1716454800000,39.79000000,40.37000000,39.54000000,40.14000000,136589.22000000,1716458399999,5458054.34990000,7948,82854.78000000,3308695.01760000,0
1716458400000,40.14000000,40.20000000,39.62000000,39.65000000,63948.17000000,1716461999999,2552676.47890000,4081,24677.31000000,985158.28660000,0
1716462000000,39.66000000,40.22000000,39.66000000,40.20000000,97567.85000000,1716465599999,3904202.12210000,4876,46442.57000000,1857725.34670000,0
1716465600000,40.20000000,40.47000000,38.76000000,39.48000000,225163.51000000,1716469199999,8918817.09690000,16044,102754.70000000,4071445.35330000,0
1716469200000,39.49000000,39.63000000,37.74000000,38.23000000,464030.90000000,1716472799999,17957627.93270000,33496,210614.65000000,8150487.24740000,0
1716472800000,38.22000000,38.71000000,37.87000000,37.98000000,154750.24000000,1716476399999,5927750.47110000,9982,76257.17000000,2922949.35970000,0
1716476400000,37.99000000,38.56000000,37.95000000,38.37000000,71410.81000000,1716479999999,2732747.82430000,5821,37105.84000000,1419213.06580000,0
1716480000000,38.36000000,38.41000000,37.83000000,38.09000000,108784.16000000,1716483599999,4143023.79320000,6245,43651.77000000,1661662.32640000,0
1716483600000,38.09000000,38.31000000,37.85000000,37.86000000,99924.95000000,1716487199999,3806963.07700000,4766,43600.02000000,1661195.87510000,0
1716487200000,37.86000000,37.96000000,37.29000000,37.73000000,184661.82000000,1716490799999,6945126.34770000,11380,84083.16000000,3162289.10860000,0
1716490800000,37.72000000,38.14000000,37.40000000,37.53000000,128224.76000000,1716494399999,4837708.39340000,7430,59148.14000000,2233437.28970000,0
1716494400000,37.53000000,37.63000000,36.37000000,37.54000000,373440.68000000,1716497999999,13812863.03930000,28069,185016.16000000,6846217.62380000,0
1716498000000,37.53000000,38.78000000,37.52000000,38.76000000,442332.08000000,1716501599999,16851818.86460000,27888,234342.64000000,8927462.34490000,0
1716501600000,38.77000000,38.81000000,38.24000000,38.32000000,80854.88000000,1716505199999,3114565.80550000,4950,37875.78000000,1459329.64570000,0
1716505200000,38.33000000,38.69000000,38.22000000,38.52000000,50801.91000000,1716508799999,1954336.78440000,3767,27963.24000000,1076267.82820000,0
1716508800000,38.52000000,38.78000000,38.32000000,38.65000000,49119.77000000,1716512399999,1893689.26940000,3721,21487.69000000,828509.79990000,0
1716512400000,38.65000000,38.75000000,38.43000000,38.70000000,25885.05000000,1716515999999,998340.91710000,2074,11175.34000000,431053.11670000,0
1716516000000,38.70000000,38.94000000,38.49000000,38.86000000,41662.26000000,1716519599999,1613581.71240000,2777,21858.14000000,846761.53160000,0
1716519600000,38.85000000,39.00000000,38.68000000,38.91000000,44562.55000000,1716523199999,1730855.24030000,2768,22127.05000000,859368.04150000,0
1716523200000,38.91000000,38.99000000,38.67000000,38.68000000,41166.26000000,1716526799999,1597782.92980000,2666,15718.79000000,610316.50400000,0
1716526800000,38.67000000,38.71000000,37.83000000,38.16000000,154748.38000000,1716530399999,5918417.74860000,8798,49587.82000000,1894799.14710000,0
1716530400000,38.15000000,38.28000000,37.49000000,37.50000000,97391.52000000,1716533999999,3680622.13460000,5581,39963.09000000,1510256.64520000,0
1716534000000,37.50000000,37.75000000,37.00000000,37.66000000,110672.01000000,1716537599999,4146943.85920000,6947,46436.69000000,1742329.57860000,0
1716537600000,37.66000000,37.68000000,36.91000000,37.45000000,67703.63000000,1716541199999,2520745.92360000,4838,26673.26000000,993196.25250000,0
1716541200000,37.44000000,37.62000000,37.18000000,37.54000000,44025.12000000,1716544799999,1646511.12950000,3075,24695.02000000,923972.08240000,0
1716544800000,37.54000000,37.71000000,37.40000000,37.56000000,40984.25000000,1716548399999,1538253.53900000,2534,20056.32000000,752971.51610000,0
1716548400000,37.57000000,37.94000000,37.54000000,37.88000000,46855.51000000,1716551999999,1766457.13190000,2783,27986.76000000,1055130.22290000,0
1716552000000,37.87000000,38.08000000,37.71000000,37.84000000,51023.92000000,1716555599999,1933191.14070000,2922,27044.04000000,1025030.12110000,0
1716555600000,37.83000000,37.90000000,37.55000000,37.59000000,51056.29000000,1716559199999,1928014.98040000,3169,22518.77000000,850647.42400000,0
1716559200000,37.59000000,38.32000000,37.53000000,38.19000000,78597.13000000,1716562799999,2988408.36660000,4866,42846.68000000,1628807.23060000,0
1716562800000,38.19000000,38.58000000,38.03000000,38.18000000,77853.08000000,1716566399999,2980663.61460000,4461,40928.03000000,1567303.70930000,0
1716566400000,38.17000000,38.17000000,37.68000000,37.77000000,60806.52000000,1716569999999,2303631.69460000,3560,23889.06000000,904972.48140000,0
1716570000000,37.77000000,38.20000000,37.75000000,38.20000000,49128.50000000,1716573599999,1864612.39750000,2766,25209.07000000,956708.79790000,0
1716573600000,38.21000000,38.73000000,38.10000000,38.16000000,68542.84000000,1716577199999,2633885.59410000,4604,36527.71000000,1404216.71730000,0
1716577200000,38.16000000,38.40000000,38.09000000,38.39000000,42464.09000000,1716580799999,1623342.27940000,2229,20574.64000000,786646.11640000,0
1716580800000,38.38000000,38.52000000,38.12000000,38.12000000,39477.96000000,1716584399999,1511732.28420000,2418,16699.93000000,639797.16770000,0
1716584400000,38.11000000,38.22000000,37.88000000,37.98000000,35190.07000000,1716587999999,1338163.25820000,2414,14031.18000000,533646.19440000,0
1716588000000,37.99000000,38.08000000,37.89000000,37.97000000,24884.29000000,1716591599999,945080.00660000,1790,13038.35000000,495183.09090000,0
1716591600000,37.96000000,38.07000000,37.88000000,38.01000000,19726.65000000,1716595199999,749376.68610000,1341,9849.84000000,374228.44930000,0
1716595200000,38.01000000,38.06000000,37.81000000,37.81000000,37705.95000000,1716598799999,1430717.38130000,2529,15572.71000000,590919.93810000,0
1716598800000,37.80000000,38.16000000,37.79000000,38.04000000,29742.14000000,1716602399999,1129222.41360000,1893,16589.03000000,629957.58290000,0
1716602400000,38.02000000,38.22000000,38.00000000,38.19000000,26621.70000000,1716605999999,1014681.46380000,1984,15422.83000000,587954.52010000,0
1716606000000,38.18000000,38.26000000,38.08000000,38.25000000,31730.36000000,1716609599999,1211132.19110000,1986,12113.26000000,462560.96930000,0
1716609600000,38.25000000,38.57000000,38.24000000,38.48000000,34985.07000000,1716613199999,1343518.46780000,2708,18715.03000000,718726.09710000,0
1716613200000,38.48000000,38.59000000,38.29000000,38.39000000,22641.73000000,1716616799999,870169.11280000,1752,9792.15000000,376417.89540000,0
1716616800000,38.39000000,38.39000000,38.11000000,38.19000000,23832.71000000,1716620399999,911202.73230000,2108,10019.89000000,383217.60730000,0
1716620400000,38.19000000,38.41000000,38.16000000,38.37000000,26320.52000000,1716623999999,1008333.15140000,2009,15856.66000000,607451.97120000,0
1716624000000,38.37000000,38.39000000,38.21000000,38.23000000,26847.10000000,1716627599999,1028294.73060000,2408,12465.67000000,477527.64740000,0
1716627600000,38.23000000,38.49000000,38.19000000,38.47000000,33365.84000000,1716631199999,1279699.08500000,2723,18114.74000000,694854.21550000,0
1716631200000,38.47000000,38.55000000,38.35000000,38.51000000,31286.57000000,1716634799999,1202651.95880000,2510,16200.00000000,622837.70270000,0
1716634800000,38.52000000,38.72000000,38.34000000,38.35000000,60956.16000000,1716638399999,2350418.45310000,4174,34193.66000000,1318887.81600000,0
1716638400000,38.35000000,38.35000000,38.02000000,38.08000000,46834.44000000,1716641999999,1787491.42120000,4178,19994.93000000,763128.26180000,0
1716642000000,38.08000000,38.15000000,37.71000000,37.78000000,45050.11000000,1716645599999,1708046.34350000,4082,20653.87000000,783152.55200000,0
1716645600000,37.78000000,38.11000000,37.76000000,38.10000000,36474.85000000,1716649199999,1383419.84920000,2248,21749.34000000,824996.02020000,0
1716649200000,38.11000000,38.30000000,38.04000000,38.06000000,34587.77000000,1716652799999,1320423.54550000,2702,16103.27000000,614753.44600000,0
1716652800000,38.05000000,38.09000000,37.77000000,37.86000000,58094.21000000,1716656399999,2202490.40680000,3610,14225.12000000,539803.06510000,0
1716656400000,37.87000000,38.04000000,37.86000000,37.98000000,23265.09000000,1716659999999,883215.63510000,1630,13799.18000000,523842.57540000,0
1716660000000,37.97000000,38.11000000,37.91000000,38.10000000,14976.60000000,1716663599999,569742.43910000,1208,6685.28000000,254330.15900000,0
1716663600000,38.10000000,38.14000000,38.04000000,38.05000000,11756.85000000,1716667199999,447799.13800000,1538,5419.62000000,206454.50780000,0
1716667200000,38.04000000,38.09000000,37.84000000,37.93000000,29092.97000000,1716670799999,1104063.35690000,1577,10012.18000000,379992.05390000,0
1716670800000,37.94000000,38.09000000,37.91000000,38.09000000,18084.97000000,1716674399999,687250.49120000,1496,9452.32000000,359143.76290000,0
1716674400000,38.08000000,38.21000000,38.00000000,38.20000000,14058.16000000,1716677999999,535612.27090000,1254,6604.95000000,251672.86000000,0
1716678000000,38.21000000,38.31000000,38.19000000,38.28000000,17129.88000000,1716681599999,655379.93930000,1163,8083.43000000,309240.47730000,0
1716681600000,38.28000000,38.31000000,38.06000000,38.06000000,23549.41000000,1716685199999,899313.86230000,1452,10049.03000000,383999.98460000,0
1716685200000,38.06000000,38.26000000,38.05000000,38.08000000,17169.55000000,1716688799999,655148.41400000,1238,7471.06000000,285040.07160000,0
1716688800000,38.08000000,38.09000000,37.62000000,37.79000000,42682.80000000,1716692399999,1612983.73890000,2850,17811.32000000,672956.22970000,0
1716692400000,37.79000000,37.93000000,37.60000000,37.87000000,38830.00000000,1716695999999,1466412.16150000,2330,19310.26000000,729382.21490000,0
1716696000000,37.86000000,37.86000000,37.60000000,37.66000000,18703.23000000,1716699599999,705235.40500000,1535,5968.42000000,225123.91090000,0
1716699600000,37.66000000,37.77000000,37.57000000,37.76000000,22695.50000000,1716703199999,854712.23860000,1495,10407.44000000,392053.95500000,0
1716703200000,37.76000000,37.82000000,37.64000000,37.68000000,14807.78000000,1716706799999,558369.23570000,1097,7122.85000000,268649.31830000,0
1716706800000,37.69000000,37.91000000,37.55000000,37.64000000,41973.19000000,1716710399999,1583987.64760000,2668,21050.42000000,794780.76520000,0
1716710400000,37.64000000,37.67000000,37.27000000,37.39000000,56635.41000000,1716713999999,2120713.99240000,3964,25250.14000000,945721.46890000,0
1716714000000,37.39000000,37.51000000,37.08000000,37.23000000,63358.71000000,1716717599999,2361577.20030000,4661,38817.10000000,1447275.51640000,0
1716717600000,37.24000000,37.38000000,37.21000000,37.28000000,35556.88000000,1716721199999,1325469.83740000,2399,16879.81000000,629308.92550000,0
1716721200000,37.29000000,37.39000000,37.22000000,37.35000000,29078.12000000,1716724799999,1084718.60390000,2547,15899.88000000,593185.23690000,0
1716724800000,37.35000000,37.35000000,37.07000000,37.15000000,33307.95000000,1716728399999,1238152.15720000,2574,15109.11000000,561733.69430000,0
1716728400000,37.16000000,37.20000000,36.92000000,37.10000000,40422.21000000,1716731999999,1496774.81210000,3355,16868.63000000,624876.35450000,0
1716732000000,37.10000000,37.34000000,36.92000000,37.31000000,48027.63000000,1716735599999,1782439.50290000,3004,26740.41000000,992804.15620000,0
1716735600000,37.31000000,37.42000000,36.71000000,36.88000000,98488.20000000,1716739199999,3651456.35040000,5524,42211.66000000,1565202.12700000,0
1716739200000,36.87000000,37.04000000,36.74000000,36.84000000,45004.07000000,1716742799999,1660474.66730000,2913,23212.14000000,856536.19400000,0
1716742800000,36.84000000,36.89000000,36.70000000,36.81000000,38218.80000000,1716746399999,1405573.35870000,2888,22285.61000000,819693.15380000,0
1716746400000,36.81000000,36.91000000,36.72000000,36.86000000,36126.44000000,1716749999999,1329911.75400000,2137,18763.00000000,690738.28830000,0
1716750000000,36.87000000,37.04000000,36.87000000,36.97000000,18458.72000000,1716753599999,682188.61570000,1393,11841.88000000,437708.56110000,0
1716753600000,36.97000000,36.97000000,36.80000000,36.81000000,16953.40000000,1716757199999,625161.07080000,1263,7854.80000000,289688.75830000,0
1716757200000,36.80000000,36.94000000,36.46000000,36.94000000,56983.87000000,1716760799999,2087740.34190000,3528,26748.83000000,980428.86330000,0
1716760800000,36.93000000,37.03000000,36.82000000,36.94000000,26131.35000000,1716764399999,965085.80290000,1697,12383.47000000,457373.42520000,0
1716764400000,36.92000000,36.94000000,36.69000000,36.76000000,29314.17000000,1716767999999,1079182.99850000,1521,11306.89000000,416135.48710000,0
1716768000000,36.76000000,36.97000000,36.67000000,36.94000000,32084.15000000,1716771599999,1182055.16310000,1727,13727.05000000,505650.10550000,0
1716771600000,36.94000000,37.28000000,36.91000000,37.17000000,33275.15000000,1716775199999,1235111.83780000,2198,21834.07000000,810447.27420000,0
1716775200000,37.17000000,37.25000000,37.01000000,37.13000000,38301.89000000,1716778799999,1422345.45620000,2205,18919.40000000,702623.29330000,0
1716778800000,37.13000000,37.35000000,37.10000000,37.24000000,32339.58000000,1716782399999,1204658.01880000,1966,19882.68000000,740610.05430000,0
1716782400000,37.24000000,37.43000000,37.17000000,37.23000000,28513.39000000,1716785999999,1062819.96820000,2058,14196.36000000,529249.07440000,0
1716786000000,37.23000000,37.27000000,36.65000000,36.94000000,66568.09000000,1716789599999,2457844.88840000,3678,21765.69000000,803303.19250000,0
1716789600000,36.94000000,36.96000000,36.69000000,36.76000000,26387.80000000,1716793199999,972274.00910000,1685,11819.92000000,435421.27060000,0
1716793200000,36.75000000,37.02000000,36.66000000,37.00000000,52537.71000000,1716796799999,1935870.30570000,2430,31051.03000000,1144192.17290000,0
1716796800000,36.99000000,37.29000000,36.98000000,37.21000000,43966.59000000,1716800399999,1633893.43930000,2291,21097.24000000,784019.64630000,0
1716800400000,37.21000000,37.39000000,37.10000000,37.31000000,51156.86000000,1716803999999,1905524.91350000,2762,25937.47000000,966094.06180000,0
1716804000000,37.30000000,37.36000000,37.20000000,37.33000000,52273.26000000,1716807599999,1949432.76940000,3288,26024.54000000,970506.30780000,0
1716807600000,37.34000000,37.54000000,37.27000000,37.41000000,46837.35000000,1716811199999,1752256.55520000,2964,21885.82000000,819040.07100000,0
1716811200000,37.40000000,37.48000000,37.30000000,37.37000000,30762.45000000,1716814799999,1149764.55180000,2502,16019.30000000,598777.23430000,0
1716814800000,37.37000000,37.75000000,37.37000000,37.67000000,55160.85000000,1716818399999,2073008.64520000,4903,31390.31000000,1179500.31100000,0
1716818400000,37.66000000,37.90000000,37.55000000,37.84000000,90488.64000000,1716821999999,3411525.92050000,7929,48604.72000000,1832692.82390000,0
1716822000000,37.84000000,38.48000000,37.83000000,38.44000000,134052.39000000,1716825599999,5119274.73870000,8265,75291.84000000,2875359.84940000,0
1716825600000,38.43000000,38.95000000,38.43000000,38.63000000,148342.79000000,1716829199999,5745165.93260000,8610,66118.53000000,2560692.04950000,0
1716829200000,38.64000000,38.87000000,38.59000000,38.65000000,74834.95000000,1716832799999,2898037.83400000,3800,39737.54000000,1538858.87170000,0
1716832800000,38.65000000,38.74000000,38.34000000,38.37000000,47785.34000000,1716836399999,1842013.01760000,2890,22308.70000000,860248.45310000,0
1716836400000,38.37000000,38.48000000,37.69000000,37.96000000,99810.00000000,1716839999999,3803768.43280000,7108,47008.22000000,1790366.94210000,0
1716840000000,37.95000000,38.42000000,37.93000000,38.34000000,64958.44000000,1716843599999,2482244.81400000,3473,34016.10000000,1299574.51620000,0
1716843600000,38.36000000,38.39000000,38.11000000,38.20000000,32385.97000000,1716847199999,1238581.65820000,1674,13868.48000000,530421.74870000,0
1716847200000,38.19000000,38.37000000,38.10000000,38.25000000,37333.99000000,1716850799999,1427617.98980000,2010,21048.24000000,804892.01630000,0
1716850800000,38.25000000,38.32000000,38.11000000,38.26000000,35076.73000000,1716854399999,1340677.22050000,1774,13898.03000000,531267.97890000,0
1716854400000,38.27000000,38.27000000,37.86000000,37.99000000,75768.82000000,1716857999999,2883960.08490000,3789,36279.86000000,1381262.04360000,0
1716858000000,37.99000000,38.40000000,37.51000000,37.56000000,112486.86000000,1716861599999,4265010.51720000,6622,47860.56000000,1815095.64530000,0
1716861600000,37.55000000,37.78000000,37.29000000,37.68000000,168552.18000000,1716865199999,6325652.39590000,8897,77185.31000000,2895892.42760000,0
1716865200000,37.68000000,37.78000000,37.05000000,37.19000000,99233.36000000,1716868799999,3702955.61060000,5037,40760.00000000,1520360.43190000,0
1716868800000,37.19000000,37.22000000,36.55000000,36.75000000,121656.79000000,1716872399999,4477382.60660000,6767,59150.49000000,2176049.92140000,0
1716872400000,36.75000000,36.99000000,36.53000000,36.99000000,74897.00000000,1716875999999,2755626.57560000,4559,41129.23000000,1513971.17980000,0
1716876000000,36.99000000,37.02000000,36.74000000,36.84000000,45096.34000000,1716879599999,1663899.91970000,2675,22864.39000000,843927.40990000,0
1716879600000,36.85000000,36.93000000,36.70000000,36.80000000,45834.09000000,1716883199999,1687462.94110000,3343,26547.57000000,977466.65740000,0
1716883200000,36.80000000,37.08000000,36.70000000,37.00000000,74122.09000000,1716886799999,2736584.14430000,3829,39366.94000000,1453826.98000000,0
1716886800000,36.99000000,37.17000000,36.92000000,37.11000000,49950.29000000,1716890399999,1851564.49160000,2361,28785.91000000,1067326.46590000,0
1716890400000,37.11000000,37.47000000,37.05000000,37.19000000,80765.82000000,1716893999999,3008455.47210000,5934,47737.83000000,1778307.69330000,0
1716894000000,37.19000000,37.39000000,37.11000000,37.27000000,50715.60000000,1716897599999,1889557.86400000,2439,24902.31000000,927905.24950000,0
1716897600000,37.28000000,37.41000000,37.04000000,37.21000000,68704.56000000,1716901199999,2557240.06630000,4105,33753.13000000,1256760.64590000,0
1716901200000,37.21000000,37.38000000,36.72000000,36.87000000,140952.47000000,1716904799999,5217602.18920000,9445,73165.62000000,2709002.32900000,0
1716904800000,36.88000000,37.14000000,36.59000000,36.86000000,136088.68000000,1716908399999,5015309.57370000,6599,66312.53000000,2443843.35340000,0
1716908400000,36.87000000,37.14000000,36.72000000,37.09000000,94917.82000000,1716911999999,3503698.12740000,8485,47409.33000000,1750268.24390000,0
1716912000000,37.09000000,37.16000000,36.65000000,36.81000000,65865.60000000,1716915599999,2428307.42660000,3906,29608.05000000,1091074.98280000,0
1716915600000,36.82000000,37.21000000,36.78000000,36.97000000,117197.68000000,1716919199999,4337889.31840000,4683,63528.36000000,2351992.14480000,0
1716919200000,36.97000000,37.12000000,36.55000000,36.77000000,116052.88000000,1716922799999,4268682.55070000,6043,47957.24000000,1762725.85270000,0
1716922800000,36.77000000,37.24000000,36.77000000,37.20000000,79270.14000000,1716926399999,2932263.03760000,9563,43741.67000000,1617673.29770000,0
1716926400000,37.20000000,37.29000000,37.10000000,37.15000000,42512.67000000,1716929999999,1581584.51820000,2403,14198.42000000,528280.49930000,0
1716930000000,37.14000000,37.26000000,37.05000000,37.09000000,31767.41000000,1716933599999,1179858.64250000,1626,13353.66000000,496105.77160000,0
1716933600000,37.09000000,37.21000000,37.06000000,37.11000000,21734.43000000,1716937199999,807285.18740000,1254,10196.11000000,378799.21960000,0
1716937200000,37.10000000,37.18000000,36.93000000,37.02000000,30083.90000000,1716940799999,1114456.53930000,1669,13108.45000000,485731.73090000,0
1716940800000,37.02000000,37.06000000,36.79000000,36.85000000,33348.26000000,1716944399999,1232236.68180000,2022,15236.30000000,563240.73770000,0
1716944400000,36.85000000,37.02000000,36.68000000,36.86000000,46974.89000000,1716947999999,1730269.82380000,2357,21400.60000000,788633.15640000,0
1716948000000,36.87000000,37.05000000,36.72000000,36.94000000,47137.96000000,1716951599999,1737289.71710000,2345,25596.16000000,943299.09310000,0
1716951600000,36.95000000,37.39000000,36.93000000,37.26000000,61961.06000000,1716955199999,2304032.90480000,3550,34598.95000000,1286795.75630000,0
1716955200000,37.26000000,37.42000000,37.21000000,37.32000000,45052.95000000,1716958799999,1682172.61790000,2407,23172.07000000,865196.99970000,0
1716958800000,37.33000000,37.33000000,37.15000000,37.18000000,39928.66000000,1716962399999,1486284.59560000,2430,21361.92000000,795260.41570000,0
1716962400000,37.19000000,37.50000000,37.18000000,37.24000000,55318.80000000,1716965999999,2065647.45510000,3088,28026.90000000,1046412.89630000,0
1716966000000,37.24000000,37.25000000,36.80000000,36.84000000,60773.73000000,1716969599999,2249939.27190000,3961,27313.93000000,1010990.67450000,0
1716969600000,36.83000000,36.95000000,36.38000000,36.85000000,132571.77000000,1716973199999,4855169.65980000,9360,64892.19000000,2377267.13320000,0
1716973200000,36.84000000,37.02000000,36.67000000,36.91000000,70994.07000000,1716976799999,2619522.65700000,4148,32454.17000000,1197947.37450000,0
1716976800000,36.91000000,37.18000000,36.85000000,37.14000000,43895.29000000,1716980399999,1625971.92390000,2349,21590.70000000,799830.44270000,0
1716980400000,37.15000000,37.20000000,36.90000000,36.94000000,76184.29000000,1716983999999,2824533.17430000,3877,32551.00000000,1207654.31130000,0
1716984000000,36.94000000,37.17000000,36.71000000,36.99000000,57315.38000000,1716987599999,2117075.40620000,2935,28069.83000000,1036661.41650000,0
1716987600000,36.99000000,37.24000000,36.67000000,36.88000000,125330.43000000,1716991199999,4625345.60890000,6692,66088.54000000,2439111.88060000,0
1716991200000,36.89000000,37.00000000,36.71000000,36.90000000,59346.47000000,1716994799999,2189223.66050000,3085,27545.28000000,1016229.66760000,0
1716994800000,36.90000000,36.99000000,36.58000000,36.63000000,52629.70000000,1716998399999,1937288.27140000,2820,22584.83000000,831558.69840000,0
1716998400000,36.62000000,36.91000000,36.24000000,36.88000000,122112.75000000,1717001999999,4458227.46380000,6854,56681.80000000,2069504.78360000,0
1717002000000,36.87000000,36.90000000,36.56000000,36.78000000,54838.55000000,1717005599999,2014642.77050000,2416,24758.39000000,909608.72920000,0
1717005600000,36.78000000,36.82000000,36.54000000,36.59000000,47243.03000000,1717009199999,1732075.68130000,2218,21224.48000000,778182.05400000,0
1717009200000,36.58000000,36.81000000,36.37000000,36.38000000,40024.56000000,1717012799999,1464380.90350000,2966,19269.02000000,705178.29350000,0
1717012800000,36.39000000,36.49000000,36.26000000,36.41000000,37592.89000000,1717016399999,1367593.01810000,2147,19284.11000000,701673.33870000,0
1717016400000,36.41000000,36.68000000,36.25000000,36.64000000,36581.44000000,1717019999999,1332922.95770000,2081,19856.04000000,723613.12880000,0
1717020000000,36.63000000,36.66000000,36.45000000,36.52000000,25508.39000000,1717023599999,932788.82960000,1409,12021.22000000,439609.36530000,0
1717023600000,36.53000000,36.58000000,36.14000000,36.20000000,37475.67000000,1717027199999,1360956.07530000,2735,13528.12000000,491187.02380000,0
1717027200000,36.20000000,36.46000000,36.02000000,36.05000000,56968.26000000,1717030799999,2061610.01780000,3614,28359.48000000,1026682.61010000,0
1717030800000,36.06000000,36.28000000,35.99000000,36.20000000,74427.96000000,1717034399999,2691004.65900000,3602,36980.02000000,1337215.11750000,0
1717034400000,36.20000000,36.82000000,36.17000000,36.63000000,56180.12000000,1717037999999,2054241.90180000,3225,30089.29000000,1100613.50540000,0
1717038000000,36.62000000,36.84000000,36.56000000,36.81000000,29647.72000000,1717041599999,1088180.00320000,1617,12575.28000000,461701.09290000,0
1717041600000,36.81000000,37.05000000,36.70000000,36.79000000,40095.05000000,1717045199999,1478562.19770000,2579,18137.50000000,669138.96720000,0
1717045200000,36.79000000,36.80000000,36.58000000,36.70000000,24691.08000000,1717048799999,905529.28950000,1725,9443.90000000,346419.49850000,0
1717048800000,36.70000000,36.71000000,35.93000000,35.95000000,88036.51000000,1717052399999,3190684.68610000,5437,39556.05000000,1433301.72400000,0
1717052400000,35.96000000,36.06000000,35.41000000,35.57000000,203213.59000000,1717055999999,7273461.94030000,12006,95350.13000000,3414624.27930000,0
1717056000000,35.56000000,36.14000000,35.30000000,36.13000000,104407.88000000,1717059599999,3717885.19110000,6657,57222.59000000,2040127.46540000,0
1717059600000,36.12000000,36.18000000,35.90000000,36.13000000,45398.99000000,1717063199999,1635683.76720000,2453,19894.17000000,716789.72260000,0
1717063200000,36.13000000,36.59000000,36.08000000,36.40000000,59087.89000000,1717066799999,2146339.69810000,5563,26763.54000000,972042.75580000,0
1717066800000,36.40000000,36.74000000,36.32000000,36.55000000,69972.07000000,1717070399999,2559402.59580000,4237,24444.98000000,894197.98530000,0
1717070400000,36.56000000,37.00000000,36.48000000,36.73000000,106068.03000000,1717073999999,3899033.35230000,6163,52659.76000000,1936340.50680000,0
1717074000000,36.73000000,37.03000000,36.61000000,36.77000000,109210.78000000,1717077599999,4020402.53300000,5042,48577.99000000,1789270.41080000,0
1717077600000,36.80000000,37.00000000,36.39000000,36.47000000,81463.58000000,1717081199999,2992456.59320000,4580,35650.44000000,1310424.04100000,0
1717081200000,36.47000000,36.79000000,36.34000000,36.73000000,69895.20000000,1717084799999,2555152.94580000,3390,40262.07000000,1472890.17620000,0
1717084800000,36.72000000,36.96000000,36.64000000,36.91000000,54568.81000000,1717088399999,2008593.96130000,2926,29843.51000000,1098590.85860000,0
1717088400000,36.92000000,37.09000000,36.83000000,37.00000000,64927.18000000,1717091999999,2400890.17170000,2922,32243.53000000,1192388.98810000,0
1717092000000,37.01000000,37.07000000,36.78000000,36.94000000,47548.03000000,1717095599999,1755496.75300000,1975,21329.14000000,787858.28250000,0
1717095600000,36.93000000,36.94000000,36.47000000,36.60000000,46106.49000000,1717099199999,1691807.48020000,2336,24079.44000000,883600.29610000,0
1717099200000,36.59000000,36.59000000,36.03000000,36.26000000,65101.85000000,1717102799999,2360210.86530000,4263,31739.74000000,1150424.61770000,0
1717102800000,36.25000000,36.27000000,36.02000000,36.07000000,40804.38000000,1717106399999,1473960.86460000,2065,16115.81000000,582566.48910000,0
1717106400000,36.07000000,36.08000000,35.94000000,36.04000000,27899.72000000,1717109999999,1004659.14490000,1661,14716.45000000,530039.25550000,0
1717110000000,36.04000000,36.09000000,35.94000000,35.98000000,23372.13000000,1717113599999,841820.66540000,1334,13002.65000000,468506.45690000,0
1717113600000,35.98000000,36.16000000,35.78000000,36.15000000,46053.69000000,1717117199999,1655776.07360000,2838,22319.40000000,803055.18360000,0
1717117200000,36.15000000,36.27000000,35.92000000,35.98000000,38691.96000000,1717120799999,1397528.20430000,2110,15107.09000000,545828.67640000,0
1717120800000,35.99000000,36.33000000,35.96000000,36.08000000,27763.12000000,1717124399999,1004000.47800000,1552,13525.79000000,489282.51680000,0
1717124400000,36.09000000,36.21000000,36.02000000,36.12000000,21028.12000000,1717127999999,759650.72730000,1167,8998.60000000,325188.01350000,0
1717128000000,36.12000000,36.23000000,36.10000000,36.13000000,14426.84000000,1717131599999,521776.45090000,894,7861.12000000,284370.58150000,0
1717131600000,36.12000000,36.13000000,35.68000000,35.94000000,42866.31000000,1717135199999,1538245.85490000,2440,19691.40000000,706711.15650000,0
1717135200000,35.93000000,36.30000000,35.91000000,36.09000000,42667.50000000,1717138799999,1540557.51400000,2717,23839.52000000,860562.72490000,0
1717138800000,36.07000000,36.27000000,36.06000000,36.17000000,26808.60000000,1717142399999,969340.64290000,1670,14988.88000000,541968.73070000,0
1717142400000,36.17000000,36.27000000,35.90000000,35.97000000,56902.50000000,1717145999999,2053049.05650000,2910,16945.42000000,612039.80610000,0
1717146000000,35.96000000,36.05000000,35.81000000,36.00000000,24978.33000000,1717149599999,898095.68280000,1705,10542.33000000,379066.41800000,0
1717149600000,35.98000000,36.22000000,35.97000000,36.07000000,32521.38000000,1717153199999,1173977.39860000,1691,16877.88000000,609418.63170000,0
1717153200000,36.07000000,36.32000000,36.05000000,36.32000000,39647.29000000,1717156799999,1435363.62550000,2052,22807.47000000,825869.97490000,0
1717156800000,36.32000000,36.79000000,36.22000000,36.52000000,95976.06000000,1717160399999,3509043.38600000,5385,47664.80000000,1743671.98530000,0
1717160400000,36.53000000,36.64000000,36.05000000,36.09000000,71293.54000000,1717163999999,2592751.42220000,3619,32567.00000000,1184835.47550000,0
1717164000000,36.09000000,36.14000000,35.79000000,35.96000000,103433.19000000,1717167599999,3720625.70710000,5304,54017.82000000,1943493.48040000,0
1717167600000,35.95000000,36.00000000,35.51000000,35.52000000,67413.44000000,1717171199999,2412689.61940000,4378,29649.58000000,1061547.14100000,0
1717171200000,35.52000000,35.75000000,35.20000000,35.73000000,129286.19000000,1717174799999,4582818.26100000,7986,56070.64000000,1988391.81810000,0
1717174800000,35.72000000,35.87000000,35.65000000,35.85000000,32951.40000000,1717178399999,1178583.08210000,1835,15140.44000000,541562.67350000,0
1717178400000,35.85000000,35.87000000,35.70000000,35.82000000,32854.71000000,1717181999999,1175692.32830000,2205,11064.66000000,396048.45100000,0
1717182000000,35.81000000,36.19000000,35.77000000,36.14000000,42306.50000000,1717185599999,1522564.51250000,3675,18037.28000000,649220.74480000,0
1717185600000,36.14000000,36.40000000,36.05000000,36.31000000,30406.31000000,1717189199999,1101648.66750000,2083,14640.27000000,530625.05990000,0
1717189200000,36.31000000,36.49000000,36.25000000,36.34000000,31357.21000000,1717192799999,1140775.06430000,2400,15290.60000000,556331.40310000,0
1717192800000,36.35000000,36.41000000,36.15000000,36.16000000,22473.10000000,1717196399999,815333.20510000,1508,8542.16000000,310072.70430000,0
1717196400000,36.16000000,36.21000000,35.94000000,36.02000000,35774.98000000,1717199999999,1291115.03190000,2132,16930.14000000,611151.48050000,0
